7.292862199881436027e+03
1.236227773734254879e+04
1.272022480729588642e+04
1.152339513595357312e+04
9.385120058744985727e+03
7.239565179900886505e+03
5.558132294294724488e+03
4.150761140260900902e+03
3.194573129144458107e+03
2.478076369208798951e+03
1.810172764599873972e+03
1.413531295663190122e+03
1.036754738572658880e+03
7.713711752805602373e+02
5.694204850753230858e+02
4.429680599175636644e+02
3.524320681942894566e+02
2.440604093965873176e+02
2.343761574225366076e+02
1.697930638034407025e+02
1.516021552776892349e+02
1.343389616188277955e+02
1.036637595707402824e+02
1.124408461604442522e+02
7.452821536599707031e+01
6.457120860344672053e+01
7.573424844764025465e+01
5.673976650145009160e+01
5.600229404484330331e+01
5.024763192450195959e+01
5.420629470377186720e+01
5.501588835910516906e+01
4.052005692454729768e+01
3.101255433783182980e+01
3.815421907742968699e+01
3.429169289562806711e+01
2.379693790303371514e+01
2.881409660363875602e+01
2.187267105876806994e+01
1.278378635877613867e+01
1.340143905692023552e+01
8.710066540579688876e+00
6.480786067877023271e+00
1.036789833493426549e+01
7.571371914852761620e+00
1.061477628031512488e+01
2.560992250264142900e+00
6.197474801139266631e+00
8.426248472039425508e+00
2.813415851014872349e+00
7.577307768915269026e-01
1.078816723250052068e+00
6.217021480790378973e+00
6.472150652922350478e-01
2.760909926787276092e+00
3.713721964649220331e-01
1.063372892321909902e+00
1.064842815062799986e+00
9.236498362556088138e-01
1.827268725201520283e+00
1.674707198527411567e+00
3.670287720076714777e-04
3.140572157304762357e-01
5.514961085282266140e-04
2.285893237816879250e-03
0.000000000000000000e+00
1.000000000000000000e+00
0.000000000000000000e+00
0.000000000000000000e+00
2.065691260358768039e-18
0.000000000000000000e+00
0.000000000000000000e+00
1.021880950778722763e+00
0.000000000000000000e+00
0.000000000000000000e+00
0.000000000000000000e+00
0.000000000000000000e+00
0.000000000000000000e+00
4.349906444549560547e-01
0.000000000000000000e+00
0.000000000000000000e+00
0.000000000000000000e+00
0.000000000000000000e+00
0.000000000000000000e+00
0.000000000000000000e+00
0.000000000000000000e+00
0.000000000000000000e+00
0.000000000000000000e+00
0.000000000000000000e+00
0.000000000000000000e+00
