6.838237120338840214e+03
1.273493382116535213e+04
1.392216220901660745e+04
1.293642870704837878e+04
1.073845112600321409e+04
8.345589328763211597e+03
5.997995680418298434e+03
4.156240644197288020e+03
2.492259893938505684e+03
1.422699345534691474e+03
8.580493482010648449e+02
5.946128502899978230e+02
4.323263935156228968e+02
3.687955549307013143e+02
3.062409170970603327e+02
2.425407064041311287e+02
2.355715458160018159e+02
2.142518232275149330e+02
1.714072746508322496e+02
1.331289481021852623e+02
1.378165382473905254e+02
1.162711478191289842e+02
1.153800777237976547e+02
9.593141678329895683e+01
7.907105819328558027e+01
7.639898490161073141e+01
8.520858078403193758e+01
7.177419324408941748e+01
5.512874778348464133e+01
6.182193680625887566e+01
4.921996419802890443e+01
4.602903670448238671e+01
4.462475395256260668e+01
3.175457154256016423e+01
3.118437419362681950e+01
1.863049225451920066e+01
2.295991768071225181e+01
2.024364366376746460e+01
2.077995783971744714e+01
1.754941339977508363e+01
1.446051584586310490e+01
1.216250940836308914e+01
9.618770125544216398e+00
7.334057611359106055e+00
5.741228182890495191e+00
4.360591128693508622e+00
4.562294883997567219e+00
2.763073597452168073e+00
3.671668917543733368e+00
2.007409236350780724e+00
2.294594165740855285e+00
1.079516312164733982e+00
2.307223603810173884e+00
1.811719158683276598e+00
7.159912993156467564e-01
1.013195102104305079e-01
2.917925308024680309e-01
8.123030733331315645e-02
4.511368637770962753e-04
1.466652321372421852e+00
3.972374722361564636e-01
6.126628390848054551e-01
3.669263378469622694e-06
1.235437598079442978e-01
0.000000000000000000e+00
1.136560291051864624e-01
2.536439144113465660e-14
1.000000000000000000e+00
0.000000000000000000e+00
0.000000000000000000e+00
0.000000000000000000e+00
0.000000000000000000e+00
0.000000000000000000e+00
0.000000000000000000e+00
0.000000000000000000e+00
0.000000000000000000e+00
0.000000000000000000e+00
0.000000000000000000e+00
0.000000000000000000e+00
0.000000000000000000e+00
0.000000000000000000e+00
4.077063058502972126e-04
0.000000000000000000e+00
0.000000000000000000e+00
0.000000000000000000e+00
0.000000000000000000e+00
0.000000000000000000e+00
0.000000000000000000e+00
0.000000000000000000e+00
0.000000000000000000e+00