   FROM CHEASE,SI UNITS,COCOS=2, IP,B0>020210307   3  60  60
 1.285036812E+00 2.404095777E+00 1.696000000E+00 1.039643656E+00 1.557775739E-02
 1.728397251E+00 1.557775739E-02-3.116817389E-01 0.000000000E+00 2.003000000E+00
 1.374097579E+06-3.116817389E-01 0.000000000E+00 1.728397251E+00 0.000000000E+00
 1.557775739E-02 0.000000000E+00 0.000000000E+00 0.000000000E+00 0.000000000E+00
 3.505149898E+00 3.497963544E+00 3.491640954E+00 3.486001361E+00 3.480905909E+00
 3.476248384E+00 3.471947574E+00 3.467941380E+00 3.464182300E+00 3.460633966E+00
 3.457268466E+00 3.454064299E+00 3.451004780E+00 3.448076806E+00 3.445269871E+00
 3.442575289E+00 3.439985532E+00 3.437493664E+00 3.435092822E+00 3.432776011E+00
 3.430537260E+00 3.428372008E+00 3.426276803E+00 3.424249032E+00 3.422286723E+00
 3.420388397E+00 3.418552946E+00 3.416779549E+00 3.415067602E+00 3.413416665E+00
 3.411826429E+00 3.410296681E+00 3.408827286E+00 3.407418169E+00 3.406069308E+00
 3.404780721E+00 3.403552468E+00 3.402384648E+00 3.401277397E+00 3.400230904E+00
 3.399245409E+00 3.398321228E+00 3.397458764E+00 3.396658540E+00 3.395921226E+00
 3.395247693E+00 3.394639072E+00 3.394096834E+00 3.393622889E+00 3.393219786E+00
 3.392890657E+00 3.392640134E+00 3.392473170E+00 3.392398421E+00 3.392419987E+00
 3.392583172E+00 3.392815930E+00 3.393571611E+00 3.395134246E+00 3.397088000E+00
 7.801107930E+04 7.794978267E+04 7.736038384E+04 7.638856268E+04 7.514574848E+04
 7.371679930E+04 7.216627803E+04 7.054323217E+04 6.888482165E+04 6.721906912E+04
 6.556693275E+04 6.394385758E+04 6.236091855E+04 6.082563852E+04 5.934254775E+04
 5.791351587E+04 5.653789225E+04 5.521245741E+04 5.393118226E+04 5.268554859E+04
 5.146756049E+04 5.027107852E+04 4.909141973E+04 4.792501382E+04 4.676913706E+04
 4.562171271E+04 4.448115632E+04 4.334625763E+04 4.221609315E+04 4.108995598E+04
 3.996730432E+04 3.884772141E+04 3.773088423E+04 3.661654000E+04 3.550448734E+04
 3.439456152E+04 3.328662192E+04 3.218054180E+04 3.107619950E+04 2.997346813E+04
 2.887220753E+04 2.777225301E+04 2.667340361E+04 2.557540719E+04 2.447794139E+04
 2.338059033E+04 2.228281310E+04 2.118390444E+04 2.008295206E+04 1.897869964E+04
 1.786973044E+04 1.675356353E+04 1.562831241E+04 1.448830689E+04 1.333702138E+04
 1.207743770E+04 1.074285877E+04 8.383167651E+03 4.247331405E+03 0.000000000E+00
-5.002472873E+00-4.449926912E+00-3.935822733E+00-3.528661512E+00-3.203072147E+00
-2.939718350E+00-2.723867140E+00-2.544297845E+00-2.392473773E+00-2.261909087E+00
-2.147693271E+00-2.046122990E+00-1.954429421E+00-1.870576828E+00-1.793106906E+00
-1.721034309E+00-1.653774088E+00-1.591095139E+00-1.533089364E+00-1.479560125E+00
-1.429521180E+00-1.382143815E+00-1.336794684E+00-1.292992377E+00-1.250368495E+00
-1.208641800E+00-1.167598190E+00-1.127073145E+00-1.086941142E+00-1.047106303E+00
-1.007492831E+00-9.680439796E-01-9.287123516E-01-8.894608932E-01-8.502571489E-01
-8.110729894E-01-7.718808369E-01-7.326545698E-01-6.933635685E-01-6.539731291E-01
-6.144404143E-01-5.747118558E-01-5.347204298E-01-4.943791312E-01-4.535750710E-01
-4.121611538E-01-3.699446517E-01-3.266729607E-01-2.820235464E-01-2.355274664E-01
-1.867455477E-01-1.346351336E-01-7.850861766E-02-1.821887226E-02 5.359359361E-02
 1.419233591E-01 2.056753527E-01 8.138028516E-01 1.127148247E+00 1.444118138E+00
 2.269923158E+04-6.678938351E+04-1.517717564E+05-2.126615348E+05-2.551992750E+05
-2.837664567E+05-3.017112760E+05-3.115960137E+05-3.153862385E+05-3.145969675E+05
-3.104039779E+05-3.037313414E+05-2.953200246E+05-2.857816281E+05-2.756450300E+05
-2.653944825E+05-2.555054618E+05-2.464807019E+05-2.388834619E+05-2.329559589E+05
-2.283561463E+05-2.247682390E+05-2.219521480E+05-2.197244124E+05-2.179454867E+05
-2.165090218E+05-2.153337074E+05-2.143579452E+05-2.135346919E+05-2.128280313E+05
-2.122111846E+05-2.116633196E+05-2.111694466E+05-2.107179223E+05-2.103007165E+05
-2.099119667E+05-2.095483267E+05-2.092078069E+05-2.088905862E+05-2.085983163E+05
-2.083345549E+05-2.081049644E+05-2.079177667E+05-2.077842676E+05-2.077197924E+05
-2.077447291E+05-2.078861790E+05-2.081799649E+05-2.086704777E+05-2.094322856E+05
-2.105016062E+05-2.120893767E+05-2.142388265E+05-2.167176389E+05-2.231884687E+05
-2.499415667E+05-2.840790184E+05-6.473926331E+05-8.546205094E+05-6.894058484E+05
 1.185690270E-01 1.138756431E-01 1.094869052E-01 1.054463830E-01 1.017398616E-01
 9.836317198E-02 9.531103531E-02 9.257712252E-02 9.015602344E-02 8.804250224E-02
 8.623190939E-02 8.471971365E-02 8.350052041E-02 8.256994779E-02 8.192886857E-02
 8.158711735E-02 8.155757433E-02 8.185093610E-02 8.247621782E-02 8.344914411E-02
 8.480043953E-02 8.656406123E-02 8.875885121E-02 9.138660333E-02 9.444758444E-02
 9.796237665E-02 1.019663861E-01 1.064904585E-01 1.115433653E-01 1.171223886E-01
 1.232257214E-01 1.298540352E-01 1.370064905E-01 1.446791991E-01 1.528665982E-01
 1.615576712E-01 1.707336511E-01 1.803698739E-01 1.904394585E-01 2.009182925E-01
 2.117842704E-01 2.230136704E-01 2.345798559E-01 2.464557657E-01 2.586152613E-01
 2.710298269E-01 2.836683356E-01 2.965060432E-01 3.095350350E-01 3.227576448E-01
 3.361783724E-01 3.498002321E-01 3.636247182E-01 3.776534701E-01 3.918899544E-01
 4.063396189E-01 4.210085836E-01 4.359042128E-01 4.510411408E-01 4.663922113E-01
 1.119691742E-01 1.069231553E-01 1.021820929E-01 9.779305586E-02 9.374218305E-02
 9.002478255E-02 8.663740604E-02 8.357401113E-02 8.082823496E-02 7.839465228E-02
 7.626829590E-02 7.444498422E-02 7.292049017E-02 7.169038451E-02 7.075268412E-02
 7.011269534E-02 6.978280746E-02 6.977630116E-02 7.010387947E-02 7.077805437E-02
 7.182355079E-02 7.327463977E-02 7.515860886E-02 7.748379020E-02 8.025083637E-02
 8.347442990E-02 8.718788049E-02 9.142539760E-02 9.620106052E-02 1.015142900E-01
 1.073642866E-01 1.137527088E-01 1.206796813E-01 1.281419859E-01 1.361345055E-01
 1.446462264E-01 1.536579480E-01 1.631443337E-01 1.730784368E-01 1.834365201E-01
 1.941958902E-01 2.053309829E-01 2.168136815E-01 2.286162347E-01 2.407106553E-01
 2.530655473E-01 2.656495289E-01 2.784445401E-01 2.914479569E-01 3.046631891E-01
 3.180934410E-01 3.317399659E-01 3.456035067E-01 3.596863946E-01 3.739932213E-01
 3.885300173E-01 4.033029158E-01 4.183193734E-01 4.335926801E-01 4.490888728E-01
 1.056980709E-01 1.002998396E-01 9.520550864E-02 9.046362760E-02 8.606353325E-02
 8.200079141E-02 7.827172758E-02 7.487172513E-02 7.179424986E-02 6.903298594E-02
 6.658264365E-02 6.443874431E-02 6.259775892E-02 6.105608137E-02 5.981084794E-02
 5.886336494E-02 5.822333591E-02 5.790514085E-02 5.792215398E-02 5.828649924E-02
 5.901711525E-02 6.014578930E-02 6.170513873E-02 6.371171378E-02 6.616932550E-02
 6.908766187E-02 7.249667521E-02 7.643263886E-02 8.091519457E-02 8.594663864E-02
 9.152749278E-02 9.766064008E-02 1.043473746E-01 1.115853107E-01 1.193699237E-01
 1.276903488E-01 1.365270242E-01 1.458540779E-01 1.556448501E-01 1.658759164E-01
 1.765236008E-01 1.875603966E-01 1.989568816E-01 2.106844385E-01 2.227124725E-01
 2.350069928E-01 2.475394348E-01 2.602988240E-01 2.732859138E-01 2.865037567E-01
 2.999534992E-01 3.136349791E-01 3.275490968E-01 3.416992545E-01 3.560909077E-01
 3.707302114E-01 3.856233281E-01 4.007766004E-01 4.161975306E-01 4.318449830E-01
 9.980458827E-02 9.405467414E-02 8.860768734E-02 8.351200335E-02 7.875853052E-02
 7.434579191E-02 7.027018040E-02 6.652689459E-02 6.311055414E-02 6.001425206E-02
 5.723174565E-02 5.475804469E-02 5.258938817E-02 5.072307380E-02 4.915670235E-02
 4.788993760E-02 4.692843466E-02 4.628549467E-02 4.597677709E-02 4.601630021E-02
 4.641996216E-02 4.721459241E-02 4.843399387E-02 5.010313846E-02 5.223167994E-02
 5.482694791E-02 5.791432307E-02 6.153038521E-02 6.570020056E-02 7.042987611E-02
 7.572173907E-02 8.158023856E-02 8.800811786E-02 9.500404530E-02 1.025642992E-01
 1.106783777E-01 1.193264883E-01 1.284824559E-01 1.381203084E-01 1.482167910E-01
 1.587467289E-01 1.696806946E-01 1.809882261E-01 1.926391807E-01 2.045997206E-01
 2.168347012E-01 2.293217619E-01 2.420557996E-01 2.550386084E-01 2.682712923E-01
 2.817528854E-01 2.954826964E-01 3.094625982E-01 3.236970864E-01 3.381918528E-01
 3.529530279E-01 3.679858156E-01 3.832909965E-01 3.988684537E-01 4.146742981E-01
 9.427038172E-02 8.817217087E-02 8.237410536E-02 7.692604633E-02 7.181944746E-02
 6.705401637E-02 6.262877727E-02 5.853885920E-02 5.477860605E-02 5.134184722E-02
 4.822134366E-02 4.541103818E-02 4.290647673E-02 4.070491071E-02 3.880482528E-02
 3.720586519E-02 3.591126073E-02 3.493141045E-02 3.428242261E-02 3.398098638E-02
 3.404330465E-02 3.449139130E-02 3.535683377E-02 3.667025102E-02 3.844883350E-02
 4.070154249E-02 4.344883809E-02 4.672574364E-02 5.056198732E-02 5.496839870E-02
 5.994977351E-02 6.551256528E-02 7.166128960E-02 7.839595559E-02 8.571392580E-02
 9.360532239E-02 1.020503116E-01 1.110227565E-01 1.204977257E-01 1.304518522E-01
 1.408580189E-01 1.516850241E-01 1.629015109E-01 1.744747551E-01 1.863676748E-01
 1.985471149E-01 2.109981165E-01 2.237190238E-01 2.367105114E-01 2.499709313E-01
 2.634978975E-01 2.772913406E-01 2.913543664E-01 3.056919068E-01 3.203095995E-01
 3.352127325E-01 3.504012730E-01 3.658678373E-01 3.816093676E-01 3.975814455E-01
 8.907996426E-02 8.264171480E-02 7.649757815E-02 7.069951481E-02 6.524205283E-02
 6.012539529E-02 5.534941578E-02 5.091145895E-02 4.680556422E-02 4.302510334E-02
 3.956303383E-02 3.641187573E-02 3.356590912E-02 3.102149709E-02 2.877727308E-02
 2.683359218E-02 2.519334419E-02 2.386428318E-02 2.286104041E-02 2.220195927E-02
 2.190562860E-02 2.199227278E-02 2.248946413E-02 2.342903563E-02 2.483574751E-02
 2.672401040E-02 2.911090971E-02 3.202823798E-02 3.550881645E-02 3.956876012E-02
 4.421597960E-02 4.945949633E-02 5.530619311E-02 6.175788838E-02 6.881344163E-02
 7.646388949E-02 8.468964149E-02 9.346509675E-02 1.027665986E-01 1.125702132E-01
 1.228466197E-01 1.335631021E-01 1.446870625E-01 1.561822388E-01 1.680094429E-01
 1.801410696E-01 1.925682965E-01 2.052900863E-01 2.183041945E-01 2.316065356E-01
 2.451946414E-01 2.590696796E-01 2.732354563E-01 2.876968454E-01 3.024587089E-01
 3.175214565E-01 3.328764946E-01 3.485128792E-01 3.644271039E-01 3.805736795E-01
 8.421563690E-02 7.744694098E-02 7.096560803E-02 6.482367908E-02 5.901880973E-02
 5.355419459E-02 4.843034635E-02 4.364514503E-02 3.919428224E-02 3.507047104E-02
 3.126590084E-02 2.777253766E-02 2.458268941E-02 2.169137316E-02 1.909631796E-02
 1.679815923E-02 1.480048848E-02 1.310970112E-02 1.173841537E-02 1.070522615E-02
 1.003068531E-02 9.736655071E-03 9.848408867E-03 1.039550796E-02 1.140726536E-02
 1.290593714E-02 1.490913886E-02 1.744483066E-02 2.054653773E-02 2.423540446E-02
 2.852291720E-02 3.342149702E-02 3.894140534E-02 4.508636666E-02 5.185684754E-02
 5.924560473E-02 6.723403419E-02 7.579781949E-02 8.491455314E-02 9.455914919E-02
 1.047000352E-01 1.153032871E-01 1.263340454E-01 1.377521342E-01 1.495190683E-01
 1.616144247E-01 1.740327030E-01 1.867706851E-01 1.998226285E-01 2.131832600E-01
 2.268511388E-01 2.408284116E-01 2.551188715E-01 2.697266372E-01 2.846520472E-01
 2.998866859E-01 3.154177802E-01 3.312337240E-01 3.473297385E-01 3.636584970E-01
 7.965738291E-02 7.256761907E-02 6.575846984E-02 5.928182335E-02 5.313673960E-02
 4.732886897E-02 4.186165897E-02 3.673378526E-02 3.194112401E-02 2.747729456E-02
 2.333318358E-02 1.949946766E-02 1.596753698E-02 1.273078257E-02 9.785422490E-03
 7.129008696E-03 4.762422354E-03 2.697036716E-03 9.478495451E-04-4.675272634E-04
-1.530954227E-03-2.218976295E-03-2.505340404E-03-2.364130523E-03-1.767145816E-03
-6.862327716E-04 9.003157992E-04 3.017791432E-03 5.699624858E-03 8.975630297E-03
 1.286751847E-02 1.739257712E-02 2.256012005E-02 2.837371866E-02 3.483497360E-02
 4.194009874E-02 4.967195868E-02 5.800802740E-02 6.692768696E-02 7.640447618E-02
 8.640462884E-02 9.689301831E-02 1.078311822E-01 1.191756633E-01 1.308922147E-01
 1.429664396E-01 1.553926147E-01 1.681633578E-01 1.812702810E-01 1.947085389E-01
 2.084778732E-01 2.225805332E-01 2.370195420E-01 2.517948242E-01 2.668977814E-01
 2.823151697E-01 2.980332877E-01 3.140391097E-01 3.303252971E-01 3.468425279E-01
 7.538561145E-02 6.798210658E-02 6.085363788E-02 5.405119225E-02 4.757497669E-02
 4.143186676E-02 3.562734962E-02 3.016281627E-02 2.503498012E-02 2.023706433E-02
 1.576004620E-02 1.159418088E-02 7.730310492E-03 4.153272529E-03 8.544243421E-04
-2.167874160E-03-4.921131127E-03-7.378696129E-03-9.517124258E-03-1.132037162E-02
-1.277194949E-02-1.385040532E-02-1.453146007E-02-1.479180035E-02-1.460772888E-02
-1.395243537E-02-1.280239307E-02-1.113597499E-02-8.919627191E-03-6.110676714E-03
-2.669440476E-03 1.425459963E-03 6.178352954E-03 1.160746416E-02 1.772801047E-02
 2.452884207E-02 3.198647792E-02 4.007944067E-02 4.879040804E-02 5.809079616E-02
 6.794571473E-02 7.831882798E-02 8.916699866E-02 1.004455058E-01 1.121262571E-01
 1.241975589E-01 1.366499462E-01 1.494717293E-01 1.626537694E-01 1.761924008E-01
 1.900876665E-01 2.043410045E-01 2.189515265E-01 2.339102770E-01 2.492031881E-01
 2.648157406E-01 2.807325558E-01 2.969377926E-01 3.134211648E-01 3.301321924E-01
 7.138124247E-02 6.366989680E-02 5.622803621E-02 4.910698761E-02 4.230765781E-02
 3.583787665E-02 2.970452730E-02 2.391074184E-02 1.845531968E-02 1.333271135E-02
 8.535826332E-03 4.052094134E-03-1.457699138E-04-4.088798786E-03-7.792354922E-03
-1.123514761E-02-1.440952045E-02-1.730297925E-02-1.989406168E-02-2.215658825E-02
-2.406362979E-02-2.558780954E-02-2.670099741E-02-2.737711742E-02-2.759291121E-02
-2.732317712E-02-2.654335434E-02-2.523684150E-02-2.338329556E-02-2.095940744E-02
-1.794727205E-02-1.433004269E-02-1.007657008E-02-5.120653045E-03 5.866418845E-04
 7.013663530E-03 1.414816340E-02 2.198265437E-02 3.047974373E-02 3.959894043E-02
 4.930753969E-02 5.956715851E-02 7.033078139E-02 8.155613938E-02 9.322005332E-02
 1.053089138E-01 1.178074704E-01 1.307014154E-01 1.439824067E-01 1.576473251E-01
 1.716953456E-01 1.861242130E-01 2.009243876E-01 2.160808579E-01 2.315778694E-01
 2.473988659E-01 2.635252427E-01 2.799380804E-01 2.966246495E-01 3.135334988E-01
 6.762307376E-02 5.961014955E-02 5.186003587E-02 4.442480126E-02 3.730769512E-02
 3.051780902E-02 2.406308953E-02 1.794822893E-02 1.217441346E-02 6.740805046E-03
 1.633392159E-03-3.195181772E-03-7.812012297E-03-1.221413170E-02-1.639912728E-02
-2.035679939E-02-2.406472693E-02-2.749604402E-02-3.061976737E-02-3.340350271E-02
-3.581514686E-02-3.782464239E-02-3.940233541E-02-4.052002797E-02-4.115332512E-02
-4.127810045E-02-4.086809325E-02-3.990552092E-02-3.837413302E-02-3.625548092E-02
-3.353802332E-02-3.020989956E-02-2.625549669E-02-2.165782724E-02-1.640161880E-02
-1.046459459E-02-3.763585584E-03 3.737923616E-03 1.196677641E-02 2.089454469E-02
 3.046675742E-02 4.062250131E-02 5.131386882E-02 6.250457182E-02 7.417380100E-02
 8.630235590E-02 9.886957083E-02 1.118607068E-01 1.252681257E-01 1.390878110E-01
 1.533153870E-01 1.679403483E-01 1.829466281E-01 1.983170529E-01 2.140333798E-01
 2.300752951E-01 2.464207995E-01 2.630484107E-01 2.799425572E-01 2.970509596E-01
 6.409164564E-02 5.578130146E-02 4.772737771E-02 3.998159943E-02 3.254937289E-02
 2.544233704E-02 1.867041837E-02 1.224068449E-02 6.160137443E-03 4.156451902E-04
-5.066161716E-03-1.036754959E-02-1.550142346E-02-2.046083252E-02-2.522910441E-02
-2.977909450E-02-3.407612451E-02-3.808383751E-02-4.176688684E-02-4.509165428E-02
-4.802580936E-02-5.053822547E-02-5.259931603E-02-5.417971334E-02-5.525307770E-02
-5.579578044E-02-5.578126320E-02-5.518788381E-02-5.399989212E-02-5.219730534E-02
-4.976611971E-02-4.669490655E-02-4.297314201E-02-3.859779907E-02-3.356603308E-02
-2.787258170E-02-2.150535404E-02-1.444563071E-02-6.635883592E-03 2.012466448E-03
 1.139948561E-02 2.145568416E-02 3.210367382E-02 4.328855001E-02 5.498911035E-02
 6.718125599E-02 7.984320188E-02 9.296067316E-02 1.065248351E-01 1.205281068E-01
 1.349584590E-01 1.497985963E-01 1.650297599E-01 1.806317094E-01 1.965818161E-01
 2.128559206E-01 2.294290182E-01 2.462766406E-01 2.633803347E-01 2.806880941E-01
 6.077266416E-02 5.216590415E-02 4.380934487E-02 3.575454846E-02 2.800838592E-02
 2.058423331E-02 1.349540531E-02 6.755902987E-03 3.615123094E-04-5.776195571E-03
-1.176776311E-02-1.763668572E-02-2.337185278E-02-2.895180354E-02-3.434214270E-02
-3.950371518E-02-4.439782667E-02-4.898796610E-02-5.323852968E-02-5.711492113E-02
-6.058418184E-02-6.361412383E-02-6.617422663E-02-6.823450490E-02-6.976635213E-02
-7.074522511E-02-7.114557450E-02-7.094187163E-02-7.011813963E-02-6.865435009E-02
-6.653439092E-02-6.374638176E-02-6.027809698E-02-5.612300663E-02-5.127668492E-02
-4.574290901E-02-3.953010363E-02-3.263796657E-02-2.505831410E-02-1.677614550E-02
-7.750802343E-03 2.111322809E-03 1.268478529E-02 2.389315028E-02 3.566439367E-02
 4.795145242E-02 6.073881130E-02 7.401436487E-02 8.776608558E-02 1.019790856E-01
 1.166344529E-01 1.317116742E-01 1.471881931E-01 1.630386142E-01 1.792358988E-01
 1.957522306E-01 2.125591665E-01 2.296295968E-01 2.469437422E-01 2.644514015E-01
 5.765513148E-02 4.875136277E-02 4.009069543E-02 3.172499169E-02 2.366254240E-02
 1.591866838E-02 8.512840529E-03 1.455729397E-03-5.331181571E-03-1.199647277E-02
-1.858027864E-02-2.507087608E-02-3.144271232E-02-3.765659654E-02-4.367011279E-02
-4.944329499E-02-5.493786218E-02-6.011633219E-02-6.494276740E-02-6.938162634E-02
-7.339814003E-02-7.695921157E-02-8.003250462E-02-8.258738732E-02-8.459348392E-02
-8.602386655E-02-8.685372862E-02-8.705534750E-02-8.661034476E-02-8.549960672E-02
-8.370501695E-02-8.121418929E-02-7.801401588E-02-7.409665698E-02-6.945712474E-02
-6.409829771E-02-5.802161866E-02-5.122823609E-02-4.373171923E-02-3.554550643E-02
-2.666985548E-02-1.709952645E-02-6.791606005E-03 4.355651280E-03 1.618532163E-02
 2.861089306E-02 4.156724748E-02 5.503504561E-02 6.900273349E-02 8.345126697E-02
 9.835750457E-02 1.136959192E-01 1.294378725E-01 1.455528275E-01 1.620092831E-01
 1.787754687E-01 1.958204323E-01 2.131164574E-01 2.306434025E-01 2.483521631E-01
 5.472699401E-02 4.552731446E-02 3.656097668E-02 2.788009118E-02 1.949576832E-02
 1.142792060E-02 3.699809248E-03-3.729929257E-03-1.103883732E-02-1.830191763E-02
-2.551274559E-02-3.264324421E-02-3.965175302E-02-4.649438078E-02-5.312906127E-02
-5.951515475E-02-6.561388011E-02-7.138716282E-02-7.679727540E-02-8.180774382E-02
-8.638244359E-02-9.048616675E-02-9.408529839E-02-9.714741210E-02-9.964114074E-02
-1.015366569E-01-1.028082622E-01-1.034282505E-01-1.033736962E-01-1.026266174E-01
-1.011669632E-01-9.898143836E-02-9.605621605E-02-9.238265889E-02-8.795588921E-02
-8.277851506E-02-7.684835316E-02-7.016740065E-02-6.274517469E-02-5.458950776E-02
-4.572182606E-02-3.617340009E-02-2.594865124E-02-1.502550133E-02-3.334186228E-03
 9.171776233E-03 2.232468319E-02 3.602930944E-02 5.024691532E-02 6.496084116E-02
 8.014631647E-02 9.577005781E-02 1.117968909E-01 1.281908804E-01 1.449161425E-01
 1.619386359E-01 1.792271145E-01 1.967532559E-01 2.144942170E-01 2.324009208E-01
 5.198277666E-02 4.248515637E-02 3.321144279E-02 2.421176306E-02 1.549909616E-02
 7.101756674E-03-9.783914516E-04-8.893854828E-03-1.678785671E-02-2.467200190E-02
-3.251786943E-02-4.028280724E-02-4.792044497E-02-5.538681888E-02-6.264044524E-02
-6.964059170E-02-7.634659150E-02-8.271913121E-02-8.871947409E-02-9.430916642E-02
-9.945079108E-02-1.041073619E-01-1.082431723E-01-1.118238247E-01-1.148165777E-01
-1.171893269E-01-1.189136583E-01-1.199625952E-01-1.203084801E-01-1.199333902E-01
-1.188158180E-01-1.169410875E-01-1.142945072E-01-1.108665661E-01-1.066525606E-01
-1.016546313E-01-9.586839339E-02-8.929825371E-02-8.195085501E-02-7.383303551E-02
-6.496527702E-02-5.536902155E-02-4.507327448E-02-3.411341715E-02-2.248965165E-02
-1.014126351E-02 3.062832677E-03 1.699120317E-02 3.150963444E-02 4.653053207E-02
 6.202375679E-02 7.795612401E-02 9.428573915E-02 1.109714682E-01 1.279755071E-01
 1.452632653E-01 1.628016781E-01 1.805590619E-01 1.985081169E-01 2.166011547E-01
 4.942981336E-02 3.962815697E-02 3.004083609E-02 2.071625227E-02 1.167088182E-02
 2.928463931E-03-5.573743496E-03-1.404467064E-02-2.254470411E-02-3.105246389E-02
-3.952498048E-02-4.791331648E-02-5.617191019E-02-6.425735633E-02-7.212726193E-02
-7.973997910E-02-8.705454206E-02-9.402951948E-02-1.006244917E-01-1.067996714E-01
-1.125155986E-01-1.177336379E-01-1.224157441E-01-1.265254728E-01-1.300276174E-01
-1.328885003E-01-1.350761948E-01-1.365627858E-01-1.373182035E-01-1.373218005E-01
-1.365513744E-01-1.349905147E-01-1.326235060E-01-1.294400329E-01-1.254356493E-01
-1.206114012E-01-1.149620993E-01-1.084940484E-01-1.012115364E-01-9.312461027E-02
-8.425277031E-02-7.461558714E-02-6.424284584E-02-5.316627329E-02-4.141877290E-02
-2.901632971E-02-1.590229736E-02-1.966117793E-03 1.280210392E-02 2.817812663E-02
 4.401788439E-02 6.028092468E-02 7.693015666E-02 9.392270745E-02 1.112185051E-01
 1.287793544E-01 1.465676140E-01 1.645481121E-01 1.826924337E-01 2.009588116E-01
 4.708138098E-02 3.696823178E-02 2.705908147E-02 1.740125141E-02 8.016289331E-03
-1.096109150E-03-1.009964901E-02-1.915068139E-02-2.825576357E-02-3.737483280E-02
-4.645883287E-02-5.545962911E-02-6.433061045E-02-7.302819720E-02-8.150968397E-02
-8.973242600E-02-9.765388610E-02-1.052322304E-01-1.124249109E-01-1.191900657E-01
-1.254865745E-01-1.312737051E-01-1.365113330E-01-1.411600770E-01-1.451823233E-01
-1.485418704E-01-1.512037875E-01-1.531367623E-01-1.543103856E-01-1.546985261E-01
-1.542789344E-01-1.530329611E-01-1.509437541E-01-1.480003574E-01-1.441987465E-01
-1.395383231E-01-1.340152862E-01-1.276362583E-01-1.204050071E-01-1.123362724E-01
-1.034476876E-01-9.376516134E-02-8.332025202E-02-7.214193150E-02-6.025405180E-02
-4.767252246E-02-3.441243335E-02-2.045179738E-02-5.697030166E-03 9.932181735E-03
 2.615316412E-02 4.278166780E-02 5.977203530E-02 7.708800734E-02 9.468408582E-02
 1.125163276E-01 1.305450127E-01 1.487372787E-01 1.670694167E-01 1.855060478E-01
 4.495016094E-02 3.451995794E-02 2.428177623E-02 1.428269143E-02 4.542381985E-03
-4.984947696E-03-1.452586368E-02-2.415849355E-02-3.385648074E-02-4.357000661E-02
-5.324904063E-02-6.284681923E-02-7.231859865E-02-8.161989139E-02-9.070551894E-02
-9.953275604E-02-1.080581126E-01-1.162379072E-01-1.240289711E-01-1.313874681E-01
-1.382698203E-01-1.446332284E-01-1.504352643E-01-1.556338857E-01-1.601879242E-01
-1.640579164E-01-1.672059958E-01-1.695962003E-01-1.711967292E-01-1.719755861E-01
-1.719100364E-01-1.709783654E-01-1.691625845E-01-1.664512979E-01-1.628411787E-01
-1.583297623E-01-1.529169085E-01-1.466082549E-01-1.394109774E-01-1.313421724E-01
-1.224235154E-01-1.126875292E-01-1.021671726E-01-9.088946415E-02-7.886599137E-02
-6.610238743E-02-5.261553043E-02-3.843889166E-02-2.358974287E-02-7.981452398E-03
 8.484195748E-03 2.550753857E-02 4.287085698E-02 6.051860054E-02 7.841170813E-02
 9.650702232E-02 1.147690584E-01 1.331695625E-01 1.516874786E-01 1.702924784E-01
 4.304515895E-02 3.229510497E-02 2.172315946E-02 1.137771152E-02 1.265698663E-03
-8.724884719E-03-1.880788138E-02-2.900766401E-02-3.927846814E-02-4.956748536E-02
-5.982467255E-02-7.000333370E-02-8.005960182E-02-8.994951745E-02-9.962897777E-02
-1.090525495E-01-1.181752183E-01-1.269528899E-01-1.353406126E-01-1.432934831E-01
-1.507662049E-01-1.577130648E-01-1.640890139E-01-1.698491673E-01-1.749487176E-01
-1.793438999E-01-1.829924226E-01-1.858538656E-01-1.878915162E-01-1.890694664E-01
-1.893615196E-01-1.887425367E-01-1.871933660E-01-1.847022180E-01-1.812668714E-01
-1.768837532E-01-1.715575965E-01-1.652938060E-01-1.581062268E-01-1.500144489E-01
-1.410503877E-01-1.312508579E-01-1.206472755E-01-1.092534271E-01-9.707394271E-02
-8.412131851E-02-7.041856193E-02-5.599836375E-02-4.090587021E-02-2.517539396E-02
-8.724163065E-03 8.540180404E-03 2.628484533E-02 4.427232223E-02 6.245669674E-02
 8.081074701E-02 9.930289890E-02 1.179084272E-01 1.366099056E-01 1.553824975E-01
 4.136307083E-02 3.029777154E-02 1.939319868E-02 8.699113480E-03-1.796364036E-03
-1.227797733E-02-2.289445823E-02-3.363875800E-02-4.445776823E-02-5.529820799E-02
-6.611151294E-02-7.685227731E-02-8.747570725E-02-9.793686114E-02-1.081924290E-01
-1.181980315E-01-1.279085748E-01-1.372766837E-01-1.462571476E-01-1.548035624E-01
-1.628689022E-01-1.704060208E-01-1.773662116E-01-1.837011526E-01-1.893621656E-01
-1.943001969E-01-1.984672792E-01-2.018171488E-01-2.043058007E-01-2.058939038E-01
-2.065479763E-01-2.062398445E-01-2.049486546E-01-2.026619188E-01-1.993788796E-01
-1.950969645E-01-1.898254186E-01-1.835736557E-01-1.763619856E-01-1.682210192E-01
-1.591920931E-01-1.493120873E-01-1.385978372E-01-1.270538753E-01-1.146930131E-01
-1.015391497E-01-8.762217054E-02-7.297381938E-02-5.763182432E-02-4.165278731E-02
-2.508954388E-02-7.866004814E-03 1.009537582E-02 2.842441496E-02 4.690401965E-02
 6.551065401E-02 8.422835735E-02 1.030361859E-01 1.219195359E-01 1.408590998E-01
 3.988947444E-02 2.852061490E-02 1.729248015E-02 6.250255247E-03-4.643719243E-03
-1.560921167E-02-2.673565523E-02-3.799495400E-02-4.933224893E-02-6.069585989E-02
-7.203871506E-02-8.331564480E-02-9.448199141E-02-1.054938009E-01-1.163067853E-01
-1.268753862E-01-1.371555635E-01-1.471018165E-01-1.566672484E-01-1.658028588E-01
-1.744613699E-01-1.825928247E-01-1.901468953E-01-1.970703516E-01-2.033095988E-01
-2.088096737E-01-2.135148121E-01-2.173706344E-01-2.203256213E-01-2.223338476E-01
-2.233539605E-01-2.233548560E-01-2.223128747E-01-2.202141616E-01-2.170589118E-01
-2.128478257E-01-2.075928071E-01-2.013129625E-01-1.940393484E-01-1.858194188E-01
-1.766980308E-01-1.666973913E-01-1.558236868E-01-1.440914115E-01-1.315259311E-01
-1.181566896E-01-1.040142330E-01-8.913543917E-02-7.356700983E-02-5.736581935E-02
-4.060426949E-02-2.333380589E-02-5.454710728E-03 1.307730549E-02 3.185498634E-02
 5.071402227E-02 6.965111534E-02 8.865791147E-02 1.077230682E-01 1.268317090E-01
 3.860189790E-02 2.694850428E-02 1.541399006E-02 4.033204515E-03-7.260267913E-03
-1.868382769E-02-3.028569484E-02-4.202333228E-02-5.384281966E-02-6.569512186E-02
-7.753448872E-02-8.931600614E-02-1.009953948E-01-1.125289782E-01-1.238725169E-01
-1.349815835E-01-1.458115666E-01-1.563159179E-01-1.664494060E-01-1.761647913E-01
-1.854114415E-01-1.941379299E-01-2.022904523E-01-2.098121200E-01-2.166419171E-01
-2.227165864E-01-2.279711179E-01-2.323415155E-01-2.357682376E-01-2.381974394E-01
-2.395824318E-01-2.398880006E-01-2.390872365E-01-2.371645269E-01-2.341189397E-01
-2.299546891E-01-2.246851333E-01-2.183406799E-01-2.109737186E-01-2.026416733E-01
-1.933774887E-01-1.831931709E-01-1.721080133E-01-1.601510101E-01-1.473522706E-01
-1.337437095E-01-1.193657078E-01-1.042679461E-01-8.850631008E-02-7.213842071E-02
-5.522357776E-02-3.783129282E-02-1.998356990E-02-1.538716243E-03 1.743842706E-02
 3.655272669E-02 5.570785857E-02 7.491072977E-02 9.415677686E-02 1.134349867E-01
 3.747830042E-02 2.556549614E-02 1.374821363E-02 2.048716672E-03-9.625743474E-03
-2.147018428E-02-3.350407914E-02-4.567671720E-02-5.793597870E-02-7.023492302E-02
-8.252915862E-02-9.477522523E-02-1.069299663E-01-1.189497816E-01-1.307903446E-01
-1.424077215E-01-1.537579134E-01-1.647958764E-01-1.754761527E-01-1.857503276E-01
-1.955699676E-01-2.048827418E-01-2.136284744E-01-2.217451708E-01-2.291621683E-01
-2.358055776E-01-2.416008669E-01-2.464755223E-01-2.503621307E-01-2.532001742E-01
-2.549385083E-01-2.555369242E-01-2.549660247E-01-2.532089780E-01-2.502622563E-01
-2.461316187E-01-2.408345116E-01-2.344162866E-01-2.269417472E-01-2.184558657E-01
-2.089826176E-01-1.985540719E-01-1.872095501E-01-1.749856272E-01-1.619220551E-01
-1.480662465E-01-1.334720306E-01-1.181947104E-01-1.022874126E-01-8.580176981E-02
-6.878864329E-02-5.130193951E-02-3.340520517E-02-1.507293578E-02 3.872071022E-03
 2.318897100E-02 4.256447441E-02 6.195939405E-02 8.138380071E-02 1.008314203E-01
 3.649882785E-02 2.435893759E-02 1.229149339E-02 3.053257239E-04-1.171622697E-02
-2.393606012E-02-3.635334352E-02-4.891296893E-02-6.156396448E-02-7.426106233E-02
-8.696149780E-02-9.962351103E-02-1.122052520E-01-1.246641876E-01-1.369573798E-01
-1.490418808E-01-1.608740161E-01-1.724090398E-01-1.836021521E-01-1.944067471E-01
-2.047730983E-01-2.146449310E-01-2.239602169E-01-2.326469590E-01-2.406234276E-01
-2.478066412E-01-2.541138109E-01-2.594647839E-01-2.637849209E-01-2.670074760E-01
-2.690758782E-01-2.699453420E-01-2.695850547E-01-2.679775681E-01-2.651177088E-01
-2.610121190E-01-2.556901337E-01-2.492105854E-01-2.416183692E-01-2.329373660E-01
-2.232092984E-01-2.124923509E-01-2.008462920E-01-1.883321575E-01-1.750120194E-01
-1.609446326E-01-1.461824236E-01-1.307741622E-01-1.147655508E-01-9.820103973E-02
-8.112571485E-02-6.358485416E-02-4.563142695E-02-2.731755584E-02-8.549094605E-03
 1.083887726E-02 3.041697643E-02 5.000281609E-02 6.960271850E-02 8.921981783E-02
 3.566318034E-02 2.333001179E-02 1.104943122E-02-1.181827433E-03-1.350416608E-02
-2.604471982E-02-3.878949710E-02-5.168236873E-02-6.467307609E-02-7.771713028E-02
-9.077239543E-02-1.037976409E-01-1.167517864E-01-1.295938108E-01-1.422828612E-01
-1.547781597E-01-1.670380313E-01-1.790194197E-01-1.906782193E-01-2.019676646E-01
-2.128358124E-01-2.232239802E-01-2.330620507E-01-2.422672073E-01-2.507526776E-01
-2.584273207E-01-2.652009200E-01-2.709859499E-01-2.757005282E-01-2.792713051E-01
-2.816360770E-01-2.827460008E-01-2.825684905E-01-2.810861667E-01-2.782945542E-01
-2.742078924E-01-2.688724208E-01-2.623282781E-01-2.545890156E-01-2.456904241E-01
-2.356945823E-01-2.246840735E-01-2.127541018E-01-1.999937919E-01-1.864741332E-01
-1.722505554E-01-1.573683254E-01-1.418688345E-01-1.257915840E-01-1.091756554E-01
-9.206129638E-02-7.448945202E-02-5.650305353E-02-3.815786770E-02-1.945675168E-02
-2.052691217E-04 1.950881001E-02 3.928842445E-02 5.906234401E-02 7.884665858E-02
 3.498758179E-02 2.249596011E-02 1.004018858E-02-2.393642239E-03-1.496023023E-02
-2.776057784E-02-4.077174560E-02-5.393762832E-02-6.720876926E-02-8.054126497E-02
-9.389328791E-02-1.072238920E-01-1.204925499E-01-1.336590205E-01-1.466833723E-01
-1.595259934E-01-1.721471076E-01-1.845061782E-01-1.965613653E-01-2.082675181E-01
-2.195716554E-01-2.304085595E-01-2.406986589E-01-2.503528559E-01-2.592785526E-01
-2.673786320E-01-2.745576183E-01-2.807201655E-01-2.857776106E-01-2.896493671E-01
-2.922670841E-01-2.935783463E-01-2.935487806E-01-2.921618682E-01-2.894185796E-01
-2.853486973E-01-2.799859601E-01-2.733353202E-01-2.654251940E-01-2.563179972E-01
-2.461043273E-01-2.348868182E-01-2.227688072E-01-2.098443082E-01-1.961885197E-01
-1.818562457E-01-1.668899240E-01-1.513266423E-01-1.352010753E-01-1.185478997E-01
-1.014032306E-01-8.380473556E-02-6.579115003E-02-4.740775810E-02-2.870509919E-02
-9.595204409E-03 1.015308631E-02 3.009436464E-02 5.003285220E-02 6.997170504E-02
 3.449848293E-02 2.188371837E-02 9.291487288E-03-3.300622668E-03-1.605362179E-02
-2.905233052E-02-4.226757097E-02-5.564319759E-02-6.913034796E-02-8.268563004E-02
-9.626770905E-02-1.098362106E-01-1.233513234E-01-1.367736450E-01-1.500641462E-01
-1.631841024E-01-1.760947958E-01-1.887569541E-01-2.011295838E-01-2.131674485E-01
-2.248161055E-01-2.360062096E-01-2.466541753E-01-2.566675052E-01-2.659470881E-01
-2.743904441E-01-2.818962832E-01-2.883646690E-01-2.936997828E-01-2.978134073E-01
-3.006314249E-01-3.020977039E-01-3.021769154E-01-3.008555954E-01-2.981435454E-01
-2.940649229E-01-2.886235355E-01-2.818470946E-01-2.738069764E-01-2.645893294E-01
-2.542822968E-01-2.429775333E-01-2.307699576E-01-2.177536089E-01-2.040103534E-01
-1.896009450E-01-1.745692767E-01-1.589510475E-01-1.427791906E-01-1.260865540E-01
-1.089072027E-01-9.127699074E-02-7.323307445E-02-5.481629179E-02-3.608128648E-02
-1.700496959E-02 2.652709044E-03 2.269605969E-02 4.277557582E-02 6.284108968E-02
 3.422329214E-02 2.152131524E-02 8.832644646E-03-3.870747468E-03-1.675230248E-02
-2.988763519E-02-4.324382894E-02-5.676469784E-02-7.040171757E-02-8.411177084E-02
-9.785382733E-02-1.115879000E-01-1.252746679E-01-1.388753445E-01-1.523516509E-01
-1.656657467E-01-1.787799661E-01-1.916561363E-01-2.042540132E-01-2.165279750E-01
-2.284211527E-01-2.398603672E-01-2.507585989E-01-2.610202550E-01-2.705444765E-01
-2.792277030E-01-2.869650624E-01-2.936512584E-01-2.991824590E-01-3.034653733E-01
-3.064216290E-01-3.079916816E-01-3.081395377E-01-3.068553721E-01-3.041500649E-01
-3.000247065E-01-2.945223019E-01-2.877129632E-01-2.796663111E-01-2.704517612E-01
-2.601421707E-01-2.488190716E-01-2.365731967E-01-2.235000690E-01-2.096898095E-01
-1.952132884E-01-1.801197599E-01-1.644463349E-01-1.482259014E-01-1.314908642E-01
-1.142747554E-01-9.661281968E-02-7.854170829E-02-6.010026431E-02-4.133716382E-02
-2.227029002E-02-2.728954658E-03 1.736895822E-02 3.754346695E-02 5.769172082E-02
 3.418580372E-02 2.143197208E-02 8.686419929E-03-4.081225764E-03-1.703442111E-02
-3.024519626E-02-4.367919000E-02-5.728015148E-02-7.099963919E-02-8.479459132E-02
-9.862405048E-02-1.124481536E-01-1.262277738E-01-1.399244073E-01-1.535001619E-01
-1.669177017E-01-1.801399733E-01-1.931294436E-01-2.058463522E-01-2.182449258E-01
-2.302668967E-01-2.418370003E-01-2.528664769E-01-2.632584598E-01-2.729111759E-01
-2.817194473E-01-2.895756550E-01-2.963714635E-01-3.020013247E-01-3.063689026E-01
-3.093928057E-01-3.110119450E-01-3.111890174E-01-3.099094045E-01-3.071925772E-01
-3.030823949E-01-2.976233185E-01-2.908637667E-01-2.828576776E-01-2.736666797E-01
-2.633619966E-01-2.520256292E-01-2.397498319E-01-2.266336078E-01-2.127734307E-01
-1.982477785E-01-1.831106676E-01-1.674009428E-01-1.511517598E-01-1.343952796E-01
-1.171646383E-01-9.949463491E-02-8.142154062E-02-6.298306708E-02-4.422469744E-02
-2.518422113E-02-5.728288038E-03 1.435882428E-02 3.455749558E-02 5.472892662E-02
 3.439825730E-02 2.162736821E-02 8.863728633E-03-3.922059835E-03-1.689126963E-02
-3.011747693E-02-4.356703250E-02-5.718355121E-02-7.091841427E-02-8.472841641E-02
-9.857246247E-02-1.124105528E-01-1.262034297E-01-1.399124698E-01-1.534996757E-01
-1.669276208E-01-1.801591738E-01-1.931567352E-01-2.058804920E-01-2.182846340E-01
-2.303108458E-01-2.418837959E-01-2.529147192E-01-2.633068693E-01-2.729584043E-01
-2.817638678E-01-2.896156705E-01-2.964057494E-01-3.020294921E-01-3.063901717E-01
-3.094061432E-01-3.110169242E-01-3.111855799E-01-3.098979096E-01-3.071736312E-01
-3.030566405E-01-2.975929419E-01-2.908301422E-01-2.828221465E-01-2.736311703E-01
-2.633289763E-01-2.519978645E-01-2.397302667E-01-2.266253259E-01-2.127796047E-01
-1.982717166E-01-1.831558649E-01-1.674710959E-01-1.512507517E-01-1.345271584E-01
-1.173335959E-01-9.970497908E-02-8.167766945E-02-6.328931863E-02-4.458505785E-02
-2.560555930E-02-6.222240568E-03 1.380193838E-02 3.394890397E-02 5.407270567E-02
 3.485316949E-02 2.210115968E-02 9.359461761E-03-3.397216461E-03-1.632573056E-02
-2.950646832E-02-4.290864940E-02-5.647565180E-02-7.015837721E-02-8.391324338E-02
-9.769878683E-02-1.114746021E-01-1.252009646E-01-1.388387088E-01-1.523492283E-01
-1.656944270E-01-1.788364621E-01-1.917370501E-01-2.043559065E-01-2.166473630E-01
-2.285542840E-01-2.400030075E-01-2.509061458E-01-2.611684709E-01-2.706898308E-01
-2.793657363E-01-2.870897599E-01-2.937582468E-01-2.992698257E-01-3.035300628E-01
-3.064616695E-01-3.080059515E-01-3.081279323E-01-3.068192792E-01-3.040914204E-01
-2.999444111E-01-2.944241297E-01-2.876022279E-01-2.795494142E-01-2.703343727E-01
-2.600312691E-01-2.487227907E-01-2.365002622E-01-2.234595650E-01-2.096913272E-01
-1.952669068E-01-1.802360976E-01-1.646366036E-01-1.485018403E-01-1.318646857E-01
-1.147591059E-01-9.722069697E-02-7.928637882E-02-6.099475839E-02-4.239320329E-02
-2.350984169E-02-4.189307361E-03 1.572994744E-02 3.575333602E-02 5.575964247E-02
 3.553149516E-02 2.283502465E-02 1.015599172E-02-2.524093441E-03-1.535437900E-02
-2.842820870E-02-4.171994007E-02-5.517258904E-02-6.873623756E-02-8.236665233E-02
-9.602176805E-02-1.096605520E-01-1.232425748E-01-1.367278135E-01-1.500766209E-01
-1.632497069E-01-1.762079631E-01-1.889119203E-01-2.013204394E-01-2.133878848E-01
-2.250591456E-01-2.362643881E-01-2.469191015E-01-2.569293520E-01-2.661989256E-01
-2.746277756E-01-2.821097054E-01-2.885487978E-01-2.938491687E-01-2.979235183E-01
-3.006985869E-01-3.021197436E-01-3.021537644E-01-3.007886859E-01-2.980377236E-01
-2.939260545E-01-2.884494387E-01-2.816451629E-01-2.735909453E-01-2.643707645E-01
-2.540734491E-01-2.427908800E-01-2.306186896E-01-2.176519964E-01-2.039743644E-01
-1.896480034E-01-1.747176967E-01-1.592199959E-01-1.431888154E-01-1.266579029E-01
-1.096619754E-01-9.223732101E-02-7.442134785E-02-5.625429288E-02-3.778900929E-02
-1.901913949E-02 2.782791927E-04 2.003927376E-02 3.987369787E-02 5.970595444E-02
 3.641123857E-02 2.380648420E-02 1.122978606E-02-1.328619998E-03-1.400336531E-02
-2.690953170E-02-4.002904628E-02-5.330437982E-02-6.668448916E-02-8.012415829E-02
-9.358041936E-02-1.070113357E-01-1.203755597E-01-1.336320640E-01-1.467399176E-01
-1.596582439E-01-1.723462558E-01-1.847629841E-01-1.968661761E-01-2.086097723E-01
-2.199403470E-01-2.307938969E-01-2.410922371E-01-2.507426368E-01-2.596509088E-01
-2.677268826E-01-2.748703971E-01-2.809887182E-01-2.859941433E-01-2.898086468E-01
-2.923617087E-01-2.936061292E-01-2.935092342E-01-2.920554430E-01-2.892503437E-01
-2.851288693E-01-2.797243639E-01-2.730318567E-01-2.650856133E-01-2.559617784E-01
-2.457560913E-01-2.345669322E-01-2.224960932E-01-2.096384478E-01-1.960701214E-01
-1.818483136E-01-1.670174324E-01-1.516158900E-01-1.356804668E-01-1.192477916E-01
-1.023549428E-01-8.504007472E-02-6.734203854E-02-4.930466938E-02-3.098370896E-02
-1.231539823E-02 6.975622650E-03 2.654344862E-02 4.614528761E-02 6.576247347E-02
 3.746962750E-02 2.499175291E-02 1.255566880E-02 1.616393249E-04-1.230186591E-02
-2.498055968E-02-3.786730134E-02-5.090445259E-02-6.403964412E-02-7.722637417E-02
-9.042051884E-02-1.035789061E-01-1.166588081E-01-1.296178111E-01-1.424137360E-01
-1.550044523E-01-1.673475115E-01-1.793999414E-01-1.911182500E-01-2.024557228E-01
-2.133584213E-01-2.237652839E-01-2.336071540E-01-2.428055377E-01-2.512672520E-01
-2.589054179E-01-2.656296121E-01-2.713521056E-01-2.759906437E-01-2.794831743E-01
-2.817605003E-01-2.827781996E-01-2.825069477E-01-2.809306935E-01-2.780495404E-01
-2.738818724E-01-2.684834111E-01-2.618906378E-01-2.541065003E-01-2.451697341E-01
-2.351576123E-01-2.241633826E-01-2.122841294E-01-1.996039702E-01-1.861915422E-01
-1.721034408E-01-1.573880175E-01-1.420889028E-01-1.262484235E-01-1.099083063E-01
-9.310981791E-02-7.589450946E-02-5.830535019E-02-4.039675600E-02-2.219611281E-02
-3.532700291E-03 1.568536935E-02 3.502061896E-02 5.437039803E-02 7.374879909E-02
 3.869259102E-02 2.637585395E-02 1.411799839E-02 1.930650829E-03-1.027515729E-02
-2.267223411E-02-3.527025520E-02-4.801389346E-02-6.084872281E-02-7.372640252E-02
-8.660146513E-02-9.942956637E-02-1.121669088E-01-1.247697670E-01-1.371944205E-01
-1.493975113E-01-1.613344931E-01-1.729584519E-01-1.842226976E-01-1.950803129E-01
-2.054830074E-01-2.153770818E-01-2.246947521E-01-2.333658042E-01-2.413083673E-01
-2.484413131E-01-2.546807699E-01-2.599469058E-01-2.641689690E-01-2.672842751E-01
-2.692356374E-01-2.699820984E-01-2.694961185E-01-2.677615617E-01-2.647794062E-01
-2.605597967E-01-2.551373716E-01-2.485834082E-01-2.409358074E-01-2.322088784E-01
-2.224458013E-01-2.117178001E-01-2.000972476E-01-1.876521918E-01-1.744454852E-01
-1.605326416E-01-1.459651514E-01-1.307924877E-01-1.150633300E-01-9.882548705E-02
-8.212576375E-02-6.501079505E-02-4.753336993E-02-2.975223332E-02-1.159973154E-02
 7.144386389E-03 2.616756115E-02 4.523266420E-02 6.432911926E-02 8.346115459E-02
 4.008047975E-02 2.795633100E-02 1.590932757E-02 3.962133552E-03-7.950167522E-03
-2.001931964E-02-3.227915946E-02-4.468058874E-02-5.716691624E-02-6.968760939E-02
-8.219568138E-02-9.464547574E-02-1.069921612E-01-1.191902527E-01-1.311926277E-01
-1.429525408E-01-1.544246644E-01-1.655636014E-01-1.763252595E-01-1.866625697E-01
-1.965223324E-01-2.058522422E-01-2.145943493E-01-2.226848812E-01-2.300541720E-01
-2.366280856E-01-2.423364624E-01-2.471000367E-01-2.508581450E-01-2.535558877E-01
-2.551423935E-01-2.555809730E-01-2.548460312E-01-2.529232845E-01-2.498149579E-01
-2.455289563E-01-2.400896233E-01-2.335520734E-01-2.259900621E-01-2.174393337E-01
-2.079174993E-01-1.974580889E-01-1.861092029E-01-1.739224661E-01-1.609476300E-01
-1.472379388E-01-1.328483779E-01-1.178321748E-01-1.022416840E-01-8.612912382E-02
-6.954655361E-02-5.254978489E-02-3.520538576E-02-1.750799296E-02 7.277349244E-04
 1.939346850E-02 3.815385333E-02 5.694880064E-02 7.579186514E-02 9.467620103E-02
 4.164794386E-02 2.974157200E-02 1.792985179E-02 6.244559957E-03-5.353633639E-03
-1.705979556E-02-2.894110207E-02-4.096028054E-02-5.305889087E-02-6.518379955E-02
-7.728573433E-02-8.931603248E-02-1.012265662E-01-1.129706149E-01-1.245022667E-01
-1.357761670E-01-1.467487965E-01-1.573733498E-01-1.675999503E-01-1.773802176E-01
-1.866665291E-01-1.954048448E-01-2.035426689E-01-2.110237759E-01-2.177853561E-01
-2.237632343E-01-2.289099925E-01-2.331418140E-01-2.364018286E-01-2.386507564E-01
-2.398432924E-01-2.399457438E-01-2.389354070E-01-2.368006049E-01-2.335441044E-01
-2.291751562E-01-2.237153305E-01-2.171990680E-01-2.096905467E-01-2.012517362E-01
-1.919065195E-01-1.816650131E-01-1.705495850E-01-1.585962266E-01-1.458492012E-01
-1.323541777E-01-1.181592924E-01-1.033187743E-01-8.788958492E-02-7.192769081E-02
-5.549091772E-02-3.864810051E-02-2.143262940E-02-3.712156624E-03 1.454976194E-02
 3.297327326E-02 5.144339448E-02 6.997147731E-02 8.855865926E-02 1.071934550E-01
 4.340897314E-02 3.173813729E-02 2.017819989E-02 8.765682163E-03-2.515817800E-03
-1.383629763E-02-2.530964316E-02-3.691585093E-02-4.859466966E-02-6.028837822E-02
-7.194481582E-02-8.351505263E-02-9.495183474E-02-1.062095633E-01-1.172443069E-01
-1.280086296E-01-1.384536613E-01-1.485318663E-01-1.581978843E-01-1.674016688E-01
-1.760959943E-01-1.842305105E-01-1.917552046E-01-1.986170976E-01-2.047571844E-01
-2.101412365E-01-2.146950199E-01-2.183769167E-01-2.211286073E-01-2.229121190E-01
-2.236912865E-01-2.234375597E-01-2.221320903E-01-2.197653579E-01-2.163404649E-01
-2.118679704E-01-2.063601432E-01-1.998458607E-01-1.923641075E-01-1.839716321E-01
-1.747147092E-01-1.646088891E-01-1.536629700E-01-1.418967631E-01-1.293426039E-01
-1.160424763E-01-1.020424989E-01-8.739036076E-02-7.213822304E-02-5.634680910E-02
-4.008810653E-02-2.340990123E-02-6.216278279E-03 1.157017437E-02 2.959715904E-02
 4.769988610E-02 6.587997681E-02 8.413623716E-02 1.024626056E-01 1.208454828E-01
 4.537316808E-02 3.394859147E-02 2.264880051E-02 1.150950545E-02 5.312003743E-04
-1.039678022E-02-2.144205023E-02-3.260749807E-02-4.383569493E-02-5.506773837E-02
-6.625075841E-02-7.733667616E-02-8.827979992E-02-9.903194610E-02-1.095446700E-01
-1.197706134E-01-1.296643210E-01-1.391786972E-01-1.482663957E-01-1.568816825E-01
-1.649761355E-01-1.725026153E-01-1.794182333E-01-1.856638707E-01-1.911886830E-01
-1.959806353E-01-1.999560521E-01-2.030838927E-01-2.053214249E-01-2.066327800E-01
-2.069886181E-01-2.063650469E-01-2.047465706E-01-2.021253168E-01-1.985032169E-01
-1.938895204E-01-1.882888970E-01-1.817266442E-01-1.742271180E-01-1.658313110E-01
-1.565885531E-01-1.465346834E-01-1.356830089E-01-1.240447902E-01-1.116408630E-01
-9.850317938E-02-8.467329937E-02-7.019919608E-02-5.513447133E-02-3.954197021E-02
-2.346395840E-02-6.827830419E-03 1.043393201E-02 2.799109325E-02 4.566326060E-02
 6.344376493E-02 8.132831650E-02 9.930491722E-02 1.173659874E-01 1.354943379E-01
 4.754153339E-02 3.636428887E-02 2.532205527E-02 1.445035170E-02 3.764116253E-03
-6.789223969E-03-1.739813714E-02-2.810237142E-02-3.885921867E-02-4.961159242E-02
-6.030638030E-02-7.089242348E-02-8.132028324E-02-9.154192842E-02-1.015111095E-01
-1.111827347E-01-1.205089692E-01-1.294448658E-01-1.379451794E-01-1.459637089E-01
-1.534541672E-01-1.603776251E-01-1.666868038E-01-1.723297496E-01-1.772583399E-01
-1.814559025E-01-1.848666476E-01-1.874494357E-01-1.891759132E-01-1.900149431E-01
-1.899418636E-01-1.889360908E-01-1.869842115E-01-1.840799362E-01-1.802230271E-01
-1.754213996E-01-1.696793801E-01-1.630110403E-01-1.554411070E-01-1.469971768E-01
-1.377205231E-01-1.276540602E-01-1.168271578E-01-1.052538486E-01-9.294921959E-02
-7.993664598E-02-6.625011554E-02-5.193714265E-02-3.705657127E-02-2.163014790E-02
-5.594884484E-03 1.109205655E-02 2.811265845E-02 4.529437237E-02 6.262220514E-02
 8.008639470E-02 9.767064046E-02 1.153621429E-01 1.331528647E-01 1.510226645E-01
 4.989040888E-02 3.895003061E-02 2.815444385E-02 1.754106959E-02 7.132947634E-03
-3.078277449E-03-1.325350420E-02-2.348680599E-02-3.376089981E-02-4.402095765E-02
-5.421016598E-02-6.427621563E-02-7.417041775E-02-8.384743745E-02-9.325983929E-02
-1.023621310E-01-1.111098022E-01-1.194583932E-01-1.273631078E-01-1.347796135E-01
-1.416713971E-01-1.479915018E-01-1.536849855E-01-1.587351880E-01-1.630735278E-01
-1.666941426E-01-1.695483604E-01-1.715992501E-01-1.728206259E-01-1.731866913E-01
-1.726777870E-01-1.712762706E-01-1.689697285E-01-1.657534285E-01-1.616251738E-01
-1.565926143E-01-1.506632044E-01-1.438393901E-01-1.361486134E-01-1.276127466E-01
-1.182648607E-01-1.081446818E-01-9.728958720E-02-8.572499982E-02-7.346747342E-02
-6.053841896E-02-4.697175565E-02-3.280611902E-02-1.802799352E-02-2.585604884E-03
 1.348811264E-02 2.991043929E-02 4.653771458E-02 6.335657746E-02 8.035311414E-02
 9.750492884E-02 1.147926968E-01 1.322015581E-01 1.497223902E-01 1.673326987E-01
 5.236607521E-02 4.164811264E-02 3.108571771E-02 2.071971775E-02 1.057289958E-02
 6.640424864E-04-9.093332338E-03-1.885507636E-02-2.863466623E-02-3.838658541E-02
-4.805498947E-02-5.758859550E-02-6.693861995E-02-7.605769774E-02-8.490106665E-02
-9.342497890E-02-1.015854015E-01-1.093383796E-01-1.166417939E-01-1.234594234E-01
-1.297509508E-01-1.354608956E-01-1.405473157E-01-1.450022986E-01-1.487670667E-01
-1.518172785E-01-1.541167574E-01-1.556385314E-01-1.563565000E-01-1.562472934E-01
-1.552941524E-01-1.534829119E-01-1.508019372E-01-1.472478816E-01-1.428172389E-01
-1.375177873E-01-1.313600252E-01-1.243422525E-01-1.164861236E-01-1.078179069E-01
-9.836330478E-02-8.815840902E-02-7.723979683E-02-6.564119989E-02-5.339002101E-02
-4.051417403E-02-2.702380540E-02-1.287467971E-02 2.008190055E-03 1.745337907E-02
 3.325808225E-02 4.930954219E-02 6.558625179E-02 8.207194237E-02 9.874598992E-02
 1.155900159E-01 1.325863908E-01 1.497188882E-01 1.669760009E-01 1.843319097E-01
 5.490484868E-02 4.439502364E-02 3.405179110E-02 2.391874570E-02 1.401738216E-02
 4.383753107E-03-4.999167102E-03-1.429937426E-02-2.357639771E-02-3.280808036E-02
-4.194562546E-02-5.093549103E-02-5.972889899E-02-6.828010935E-02-7.654599631E-02
-8.448286237E-02-9.204741644E-02-9.919972678E-02-1.059025347E-01-1.121143478E-01
-1.177895055E-01-1.228923350E-01-1.273883299E-01-1.312479936E-01-1.344374147E-01
-1.369237294E-01-1.386756032E-01-1.396689152E-01-1.398814440E-01-1.392929639E-01
-1.378871865E-01-1.356532500E-01-1.325806154E-01-1.286671308E-01-1.239085551E-01
-1.183128434E-01-1.118920902E-01-1.046479187E-01-9.659072430E-02-8.775292704E-02
-7.815810018E-02-6.783866391E-02-5.683276421E-02-4.517979290E-02-3.290648386E-02
-1.999782010E-02-6.409254692E-03 7.927910070E-03 2.276094485E-02 3.794374258E-02
 5.341505717E-02 6.915176070E-02 8.512789847E-02 1.013160521E-01 1.176948937E-01
 1.342481438E-01 1.509619400E-01 1.678232867E-01 1.848221834E-01 2.019305354E-01
 5.744596035E-02 4.712757220E-02 3.698467148E-02 2.706374544E-02 1.738819308E-02
 8.002947471E-03-1.061008990E-03-9.916796532E-03-1.869091443E-02-2.739312964E-02
-3.598629048E-02-4.442046645E-02-5.264715838E-02-6.062182851E-02-6.830088195E-02
-7.564169926E-02-8.260589409E-02-8.915525904E-02-9.524910114E-02-1.008418547E-01
-1.058946777E-01-1.104045779E-01-1.143104911E-01-1.175849915E-01-1.202006658E-01
-1.221224876E-01-1.233273415E-01-1.237922762E-01-1.234967340E-01-1.224245395E-01
-1.205589022E-01-1.178914213E-01-1.144129851E-01-1.101225135E-01-1.050154140E-01
-9.909986409E-02-9.238810000E-02-8.488797937E-02-7.660168683E-02-6.756107814E-02
-5.779744381E-02-4.734234764E-02-3.623489004E-02-2.448542018E-02-1.206567399E-02
 1.103980611E-03 1.489148215E-02 2.913955374E-02 4.373868791E-02 5.865132575E-02
 7.385609792E-02 8.932722664E-02 1.050381926E-01 1.209643462E-01 1.370836683E-01
 1.533778090E-01 1.698326533E-01 1.864374370E-01 2.031861201E-01 2.200520124E-01
 5.992542611E-02 4.977401891E-02 3.980476833E-02 3.006944931E-02 2.059718783E-02
 1.143551202E-02 2.642960586E-03-5.803121574E-03-1.408190734E-02-2.224717615E-02
-3.028237941E-02-3.814841418E-02-4.579762837E-02-5.318452812E-02-6.026683753E-02
-6.700704141E-02-7.336564233E-02-7.930078248E-02-8.477504145E-02-8.977184165E-02
-9.423471701E-02-9.813357318E-02-1.014454714E-01-1.041221619E-01-1.061572331E-01
-1.075171165E-01-1.081758794E-01-1.081127632E-01-1.073080530E-01-1.057484808E-01
-1.034177538E-01-1.003088293E-01-9.641405510E-02-9.173331801E-02-8.626184190E-02
-8.000795535E-02-7.298312882E-02-6.520116502E-02-5.666441673E-02-4.740046136E-02
-3.745310389E-02-2.683131447E-02-1.552459192E-02-3.491589385E-03 9.276838038E-03
 2.257555149E-02 3.629476415E-02 5.037129821E-02 6.477881880E-02 7.949245157E-02
 9.448621210E-02 1.097357310E-01 1.252188413E-01 1.409154283E-01 1.568064034E-01
 1.728736202E-01 1.891010918E-01 2.054767848E-01 2.219952923E-01 2.386318168E-01
 6.226434414E-02 5.224937587E-02 4.242548708E-02 3.285070204E-02 2.355896259E-02
 1.460074222E-02 6.049986529E-03-2.048725913E-03-9.847789216E-03-1.747207061E-02
-2.493820966E-02-3.222089189E-02-3.927781034E-02-4.606510085E-02-5.254461211E-02
-5.867541569E-02-6.441581298E-02-6.973013648E-02-7.460676249E-02-7.898283160E-02
-8.283480811E-02-8.613403021E-02-8.884884045E-02-9.094783066E-02-9.241112949E-02
-9.321171855E-02-9.332651225E-02-9.273656439E-02-9.142364276E-02-8.937544591E-02
-8.657742344E-02-8.302283193E-02-7.870533835E-02-7.362556718E-02-6.777856477E-02
-6.117332811E-02-5.382170656E-02-4.574372625E-02-3.695088974E-02-2.744430128E-02
-1.723105418E-02-6.282856030E-03 5.468252071E-03 1.782610020E-02 3.068072646E-02
 4.394310970E-02 5.757129013E-02 7.153970116E-02 8.582102222E-02 1.003885009E-01
 1.152185178E-01 1.302905062E-01 1.455859875E-01 1.610876741E-01 1.767797063E-01
 1.926471936E-01 2.086752955E-01 2.248509952E-01 2.411670884E-01 2.575985792E-01
 6.437802207E-02 5.447215722E-02 4.476820622E-02 3.532935952E-02 2.619466852E-02
 1.741993138E-02 9.082663378E-03 1.268275759E-03-6.072322912E-03-1.315949484E-02
-2.004871074E-02-2.673125251E-02-3.318020178E-02-3.935833442E-02-4.522207143E-02
-5.073117531E-02-5.584928850E-02-6.055700373E-02-6.481573431E-02-6.857624475E-02
-7.181289604E-02-7.451594291E-02-7.664352313E-02-7.816542937E-02-7.906059620E-02
-7.930689313E-02-7.888293382E-02-7.777016890E-02-7.595303946E-02-7.341871684E-02
-7.015506469E-02-6.615486323E-02-6.141298984E-02-5.593129722E-02-4.970599471E-02
-4.274943994E-02-3.507710548E-02-2.669335383E-02-1.757934964E-02-7.689670708E-03
 3.047694865E-03 1.447086434E-02 2.647349068E-02 3.895415752E-02 5.184223182E-02
 6.510115372E-02 7.869951151E-02 9.261046888E-02 1.068098990E-01 1.212747483E-01
 1.359842297E-01 1.509201931E-01 1.660666385E-01 1.814091418E-01 1.969341190E-01
 2.126290120E-01 2.284820160E-01 2.444818629E-01 2.606211836E-01 2.768740033E-01
 6.619310012E-02 5.637076944E-02 4.676162821E-02 3.743431780E-02 2.843334451E-02
 1.982168191E-02 1.168134518E-02 4.120549571E-03-2.821347146E-03-9.382921962E-03
-1.569065397E-02-2.176335289E-02-2.759180010E-02-3.314279475E-02-3.837810748E-02
-4.326212673E-02-4.776717631E-02-5.184998964E-02-5.547990122E-02-5.863921218E-02
-6.128062428E-02-6.337984332E-02-6.491838898E-02-6.586795401E-02-6.620248504E-02
-6.590172202E-02-6.494693788E-02-6.331935282E-02-6.100588464E-02-5.799245120E-02
-5.426968177E-02-4.983037979E-02-4.467183984E-02-3.879994107E-02-3.221345913E-02
-2.490878336E-02-1.686687218E-02-8.046346729E-03 1.649587227E-03 1.212978716E-02
 2.328373757E-02 3.499056060E-02 4.716605822E-02 5.976405491E-02 7.273739026E-02
 8.604541586E-02 9.965731368E-02 1.135497871E-01 1.277044430E-01 1.421039885E-01
 1.567304646E-01 1.715674859E-01 1.866008028E-01 2.018178860E-01 2.172074953E-01
 2.327589724E-01 2.484621806E-01 2.643083130E-01 2.802920688E-01 2.963882788E-01
 6.764464269E-02 5.788054950E-02 4.834153247E-02 3.910293503E-02 3.021661755E-02
 2.175352919E-02 1.380036354E-02 6.470132797E-03-1.441374028E-04-6.188212830E-03
-1.191847145E-02-1.738339437E-02-2.257803167E-02-2.748930183E-02-3.209254357E-02
-3.635077980E-02-4.020807099E-02-4.368345157E-02-4.669753301E-02-4.924346695E-02
-5.128129652E-02-5.279824063E-02-5.375892763E-02-5.414273029E-02-5.392759879E-02
-5.309193109E-02-5.161804158E-02-4.948838162E-02-4.669159081E-02-4.321356521E-02
-3.904869521E-02-3.419275340E-02-2.864389534E-02-2.239071606E-02-1.539995900E-02
-7.618722938E-03 1.053184665E-03 1.055419602E-02 2.080111051E-02 3.170767093E-02
 4.318201973E-02 5.514111934E-02 6.752069704E-02 8.027717574E-02 9.337022570E-02
 1.067616885E-01 1.204226018E-01 1.343324926E-01 1.484764311E-01 1.628424707E-01
 1.774177297E-01 1.921879214E-01 2.071401018E-01 2.222630820E-01 2.375470407E-01
 2.529832153E-01 2.685631479E-01 2.842792442E-01 3.001279587E-01 3.160865463E-01
 6.867396104E-02 5.894413478E-02 4.945419345E-02 4.028843818E-02 3.150555770E-02
 2.318295152E-02 1.541066794E-02 8.298572517E-03 1.975350735E-03-3.590308255E-03
-8.759594305E-03-1.362193269E-02-1.818684647E-02-2.245977246E-02-2.642173894E-02
-3.003214183E-02-3.327133972E-02-3.611018338E-02-3.850821801E-02-4.046079832E-02
-4.190653370E-02-4.284225600E-02-4.324032277E-02-4.307372594E-02-4.232319934E-02
-4.096967998E-02-3.899530174E-02-3.638504328E-02-3.312961806E-02-2.921766194E-02
-2.464115974E-02-1.937522039E-02-1.338890697E-02-6.613749098E-03 1.051042484E-03
 9.570586281E-03 1.889385648E-02 2.894871907E-02 3.964803522E-02 5.092569312E-02
 6.271977787E-02 7.495454286E-02 8.756291146E-02 1.005016089E-01 1.137381869E-01
 1.272402686E-01 1.409804937E-01 1.549396042E-01 1.691045493E-01 1.834662833E-01
 1.980173955E-01 2.127480728E-01 2.276468608E-01 2.427035378E-01 2.579093263E-01
 2.732565170E-01 2.887381670E-01 3.043482045E-01 3.200839118E-01 3.359242733E-01
 6.923070501E-02 5.951744906E-02 5.006425060E-02 4.096415680E-02 3.228102487E-02
 2.409498984E-02 1.649798910E-02 9.601940433E-03 3.556108150E-03-1.589501815E-03
-6.201435963E-03-1.047865801E-02-1.443493367E-02-1.807379908E-02-2.139207115E-02
-2.436384621E-02-2.697728581E-02-2.919735122E-02-3.099227790E-02-3.234431646E-02
-3.321921215E-02-3.358986087E-02-3.343856407E-02-3.274195097E-02-3.147897800E-02
-2.963336639E-02-2.718903078E-02-2.413226046E-02-2.044282585E-02-1.609124280E-02
-1.104064905E-02-5.197887201E-03 1.509453842E-03 9.067419092E-03 1.745849875E-02
 2.662844605E-02 3.651026887E-02 4.704645875E-02 5.817150945E-02 6.982084363E-02
 8.193747128E-02 9.445458594E-02 1.073052089E-01 1.204441360E-01 1.338435886E-01
 1.474778912E-01 1.613220868E-01 1.753573665E-01 1.895715533E-01 2.039570221E-01
 2.185090748E-01 2.332234746E-01 2.480925500E-01 2.631070754E-01 2.782590055E-01
 2.935414600E-01 3.089482760E-01 3.244745436E-01 3.401187661E-01 3.558615745E-01
 6.928049202E-02 5.957594073E-02 5.015616851E-02 4.112166111E-02 3.253697309E-02
 2.448398392E-02 1.706177445E-02 1.039043180E-02 4.621607195E-03-1.467520945E-04
-4.198940374E-03-7.908017836E-03-1.128217092E-02-1.431582285E-02-1.701772065E-02
-1.936857169E-02-2.136974994E-02-2.298729147E-02-2.418770090E-02-2.495918691E-02
-2.527379427E-02-2.510522340E-02-2.443080419E-02-2.323151153E-02-2.148638934E-02
-1.917267996E-02-1.626401945E-02-1.273117488E-02-8.514778955E-03-3.526002378E-03
 2.283018700E-03 8.938353976E-03 1.643006910E-02 2.471413819E-02 3.374957009E-02
 4.349051789E-02 5.388461849E-02 6.487941932E-02 7.641442627E-02 8.842632215E-02
 1.008607362E-01 1.136602159E-01 1.267607159E-01 1.401139405E-01 1.536922771E-01
 1.674757205E-01 1.814433385E-01 1.955769780E-01 2.098645449E-01 2.242990690E-01
 2.388769324E-01 2.535966393E-01 2.684560959E-01 2.834491593E-01 2.985684000E-01
 3.138075047E-01 3.291609881E-01 3.446244796E-01 3.601971798E-01 3.758618878E-01
 6.880856539E-02 5.911368227E-02 4.972961242E-02 4.076093083E-02 3.227318685E-02
 2.435659001E-02 1.712348978E-02 1.070092336E-02 5.237001843E-03 8.482814791E-04
-2.667942431E-03-5.815949899E-03-8.647305085E-03-1.112476201E-02-1.325332306E-02
-1.501941927E-02-1.642847359E-02-1.747495677E-02-1.811085122E-02-1.833154653E-02
-1.810865337E-02-1.742035313E-02-1.624023429E-02-1.454072010E-02-1.229219630E-02
-9.448879421E-03-5.941748480E-03-1.711695966E-03 3.282534809E-03 9.088883599E-03
 1.571583449E-02 2.314991256E-02 3.135265147E-02 4.028113062E-02 4.990303752E-02
 6.017649098E-02 7.105180269E-02 8.247982336E-02 9.440504475E-02 1.067668264E-01
 1.195122700E-01 1.325911620E-01 1.459445538E-01 1.595215624E-01 1.732917300E-01
 1.872379138E-01 2.013441072E-01 2.155938748E-01 2.299749486E-01 2.444803288E-01
 2.591068732E-01 2.738539477E-01 2.887224016E-01 3.037115086E-01 3.188162633E-01
 3.340306887E-01 3.493497564E-01 3.647696205E-01 3.802896620E-01 3.958943192E-01
 6.781708116E-02 5.813580024E-02 4.878853218E-02 3.988591282E-02 3.150277600E-02
 2.374499068E-02 1.673403971E-02 1.060492200E-02 5.495035464E-03 1.486076585E-03
-1.523111365E-03-4.101884182E-03-6.393055263E-03-8.355744400E-03-9.952890108E-03
-1.118510686E-02-1.205302557E-02-1.254871416E-02-1.265144777E-02-1.233827474E-02
-1.158463738E-02-1.035957507E-02-8.626330948E-03-6.334024238E-03-3.427661538E-03
 1.359451520E-04 4.420211369E-03 9.466851518E-03 1.528886095E-02 2.189117578E-02
 2.926782865E-02 3.740116753E-02 4.625092745E-02 5.577391579E-02 6.593968418E-02
 7.670928716E-02 8.803520648E-02 9.987126851E-02 1.121669825E-01 1.248652054E-01
 1.379137666E-01 1.512670220E-01 1.648725973E-01 1.786784015E-01 1.926502320E-01
 2.067705127E-01 2.210271857E-01 2.354069627E-01 2.498978794E-01 2.644924691E-01
 2.791875319E-01 2.939827528E-01 3.088797288E-01 3.238809928E-01 3.389866290E-01
 3.541924925E-01 3.694937070E-01 3.848867610E-01 4.003712370E-01 4.159329524E-01
 6.631514664E-02 5.664867881E-02 4.734035316E-02 3.851599074E-02 3.026747190E-02
 2.270938908E-02 1.597574960E-02 1.020697054E-02 5.450982903E-03 1.785550126E-03
-6.886273902E-04-2.639470523E-03-4.361812741E-03-5.793301549E-03-6.874695263E-03
-7.593739280E-03-7.943586360E-03-7.905536981E-03-7.468626957E-03-6.599608713E-03
-5.264099935E-03-3.417239317E-03-1.024394662E-03 1.962303375E-03 5.620782471E-03
 9.990509448E-03 1.509260589E-02 2.093434011E-02 2.751891113E-02 3.484577882E-02
 4.290767001E-02 5.168348941E-02 6.112986220E-02 7.120302481E-02 8.187355465E-02
 9.310542036E-02 1.048536209E-01 1.170744644E-01 1.297217923E-01 1.427425067E-01
 1.560852302E-01 1.697065746E-01 1.835607564E-01 1.975968303E-01 2.117768724E-01
 2.260804553E-01 2.404973211E-01 2.550178986E-01 2.696315686E-01 2.843304558E-01
 2.991108567E-01 3.139723951E-01 3.289168512E-01 3.439474915E-01 3.590680137E-01
 3.742789059E-01 3.895766170E-01 4.049576283E-01 4.204215659E-01 4.359556773E-01
 6.431094892E-02 5.466331787E-02 4.541073803E-02 3.670135420E-02 2.863475779E-02
 2.133896874E-02 1.496625335E-02 9.548907782E-03 5.085616455E-03 1.945854230E-03
-6.017561249E-05-1.389064552E-03-2.468549981E-03-3.308778115E-03-3.813442733E-03
-3.994724604E-03-3.792130788E-03-3.192573609E-03-2.180403065E-03-7.220231788E-04
 1.227919018E-03 3.742655621E-03 6.863729758E-03 1.062242971E-02 1.506302345E-02
 2.021321813E-02 2.607828362E-02 3.265255686E-02 3.993696467E-02 4.793097871E-02
 5.662523711E-02 6.599445292E-02 7.599246398E-02 8.657555959E-02 9.771557428E-02
 1.093791878E-01 1.215238087E-01 1.341078639E-01 1.470888944E-01 1.604179977E-01
 1.740450423E-01 1.879275079E-01 2.020249765E-01 2.162900717E-01 2.306815585E-01
 2.451753961E-01 2.597606559E-01 2.744305269E-01 2.891769480E-01 3.039922222E-01
 3.188719537E-01 3.338152945E-01 3.488239648E-01 3.639013030E-01 3.790518224E-01
 3.942799581E-01 4.095862535E-01 4.249680484E-01 4.404246802E-01 4.559446280E-01
 6.181623421E-02 5.221099413E-02 4.305663344E-02 3.451414844E-02 2.669612527E-02
 1.976292471E-02 1.374311255E-02 8.563511429E-03 4.683156943E-03 2.006805477E-03
 1.928023507E-04-5.236274711E-04-8.596986169E-04-8.857528508E-04-7.885434989E-04
-3.920254216E-04 4.646036865E-04 1.668631436E-03 3.305944309E-03 5.442799869E-03
 8.104647472E-03 1.134636361E-02 1.520410510E-02 1.970784021E-02 2.489039115E-02
 3.076857263E-02 3.733843183E-02 4.458921414E-02 5.252145013E-02 6.113330356E-02
 7.041271051E-02 8.033103917E-02 9.084034699E-02 1.018973502E-01 1.134750936E-01
 1.255427405E-01 1.380599967E-01 1.509871742E-01 1.642849463E-01 1.779084278E-01
 1.918093699E-01 2.059456008E-01 2.202801553E-01 2.347705963E-01 2.493740409E-01
 2.640626730E-01 2.788229490E-01 2.936491698E-01 3.085361124E-01 3.234772198E-01
 3.384676527E-01 3.535058414E-01 3.685930860E-01 3.837326533E-01 3.989290436E-01
 4.141876785E-01 4.295133210E-01 4.449067736E-01 4.603676657E-01 4.758853611E-01
 5.885919119E-02 4.934816262E-02 4.035050227E-02 3.204749800E-02 2.457950882E-02
 1.801608811E-02 1.220393867E-02 7.560078924E-03 4.292492322E-03 1.526482924E-03
 1.784238238E-04 8.166379385E-05 6.887495515E-04 1.727543103E-03 2.324854474E-03
 3.493771919E-03 5.138649606E-03 6.982656411E-03 9.303570992E-03 1.212898609E-02
 1.548777004E-02 1.943298388E-02 2.399031230E-02 2.919286815E-02 3.506898360E-02
 4.162533474E-02 4.884898376E-02 5.672658042E-02 6.525896828E-02 7.444310432E-02
 8.426422212E-02 9.469107972E-02 1.056746799E-01 1.171724143E-01 1.291584623E-01
 1.416042510E-01 1.544716885E-01 1.677228178E-01 1.813209114E-01 1.952247303E-01
 2.093885598E-01 2.237705555E-01 2.383353888E-01 2.530456535E-01 2.678593294E-01
 2.827447037E-01 2.976849707E-01 3.126736495E-01 3.277074003E-01 3.427817564E-01
 3.578920554E-01 3.730360152E-01 3.882142717E-01 4.034297320E-01 4.186867927E-01
 4.339907970E-01 4.493477606E-01 4.647627854E-01 4.802380319E-01 4.957641289E-01
 5.555225011E-02 4.618804215E-02 3.740395071E-02 2.943998634E-02 2.239036212E-02
 1.596687147E-02 1.055732386E-02 6.857636687E-03 3.309132830E-03 7.879274741E-04
 2.936282963E-04 1.179835384E-03 3.419927309E-03 4.816850911E-03 5.927685956E-03
 8.110469296E-03 1.033028316E-02 1.280453973E-02 1.579348325E-02 1.927022719E-02
 2.329242554E-02 2.790425091E-02 3.312643404E-02 3.899397396E-02 4.552673742E-02
 5.272131353E-02 6.055782329E-02 6.902284680E-02 7.811758771E-02 8.783789314E-02
 9.816636731E-02 1.090696817E-01 1.204982778E-01 1.324103872E-01 1.447812673E-01
 1.575844253E-01 1.707838926E-01 1.843433497E-01 1.982282548E-01 2.124006597E-01
 2.268177801E-01 2.414382690E-01 2.562273802E-01 2.711520086E-01 2.861730021E-01
 3.012551826E-01 3.163784174E-01 3.315339497E-01 3.467192084E-01 3.619319719E-01
 3.771685065E-01 3.924261041E-01 4.077046077E-01 4.230063264E-01 4.383353878E-01
 4.536970253E-01 4.690971359E-01 4.845424996E-01 5.000397667E-01 5.155823397E-01
 8.504836404E-01 8.708716804E-01 8.905218422E-01 9.102878282E-01 9.302639574E-01
 9.505411053E-01 9.712037663E-01 9.923328691E-01 1.014006457E+00 1.036298914E+00
 1.059280952E+00 1.083019119E+00 1.107574712E+00 1.133000117E+00 1.159335671E+00
 1.186605359E+00 1.214807405E+00 1.243905459E+00 1.273807331E+00 1.304373131E+00
 1.335486509E+00 1.367074914E+00 1.399110788E+00 1.431595342E+00 1.464549796E+00
 1.498013188E+00 1.532038489E+00 1.566688975E+00 1.602037821E+00 1.638166610E+00
 1.675165018E+00 1.713130983E+00 1.752171004E+00 1.792400839E+00 1.833946811E+00
 1.876947316E+00 1.921554590E+00 1.967937108E+00 2.016282946E+00 2.066803268E+00
 2.119737103E+00 2.175358091E+00 2.233981881E+00 2.295976573E+00 2.361777522E+00
 2.431905790E+00 2.506994767E+00 2.587828563E+00 2.675397996E+00 2.770985769E+00
 2.876305440E+00 2.993716804E+00 3.126598460E+00 3.280382650E+00 3.462547476E+00
 3.690943024E+00 3.959219019E+00 4.356986255E+00 4.619858528E+00 8.812237853E+00
  300    5
 2.266215769E+00 1.565368246E-02 2.266265844E+00 2.695867361E-02 2.266102342E+00
 3.826678066E-02 2.265723870E+00 4.957444538E-02 2.265132564E+00 6.087829199E-02
 2.264331274E+00 7.217519926E-02 2.263322817E+00 8.346227921E-02 2.262110027E+00
 9.473687979E-02 2.260695616E+00 1.059965639E-01 2.259082491E+00 1.172391565E-01
 2.257274540E+00 1.284629369E-01 2.255275901E+00 1.396665780E-01 2.253090647E+00
 1.508490993E-01 2.250722812E+00 1.620098769E-01 2.248176250E+00 1.731486065E-01
 2.245455132E+00 1.842654585E-01 2.242563939E+00 1.953611265E-01 2.239507132E+00
 2.064367595E-01 2.236289032E+00 2.174939344E-01 2.232913641E+00 2.285345870E-01
 2.229383651E+00 2.395605591E-01 2.225700957E+00 2.505737040E-01 2.221867292E+00
 2.615761279E-01 2.217884300E+00 2.725702320E-01 2.213752906E+00 2.835583866E-01
 2.209472638E+00 2.945424658E-01 2.205042795E+00 3.055243971E-01 2.200462585E+00
 3.165062372E-01 2.195730968E+00 3.274900825E-01 2.190845516E+00 3.384772665E-01
 2.185803194E+00 3.494687388E-01 2.180600969E+00 3.604654509E-01 2.175235820E+00
 3.714683851E-01 2.169704847E+00 3.824786638E-01 2.164005158E+00 3.934974980E-01
 2.158133847E+00 4.045261923E-01 2.152087384E+00 4.155656012E-01 2.145860715E+00
 4.266151454E-01 2.139448583E+00 4.376738826E-01 2.132845883E+00 4.487408410E-01
 2.126048980E+00 4.598165312E-01 2.119055806E+00 4.709034216E-01 2.111864165E+00
 4.820043091E-01 2.104471198E+00 4.931217014E-01 2.096872627E+00 5.042567283E-01
 2.089063814E+00 5.154102882E-01 2.081040313E+00 5.265838052E-01 2.072798777E+00
 5.377807488E-01 2.064335817E+00 5.490053055E-01 2.055647771E+00 5.602621637E-01
 2.046731319E+00 5.715576860E-01 2.037582796E+00 5.828990534E-01 2.028197968E+00
 5.942940181E-01 2.018572129E+00 6.057512143E-01 2.008699839E+00 6.172798067E-01
 1.998574775E+00 6.288892843E-01 1.988189724E+00 6.405894960E-01 1.977536626E+00
 6.523908692E-01 1.966606990E+00 6.643057161E-01 1.955391484E+00 6.763476928E-01
 1.943879345E+00 6.885304334E-01 1.932058059E+00 7.008664800E-01 1.919914081E+00
 7.133694805E-01 1.907434404E+00 7.260609520E-01 1.894604596E+00 7.389656673E-01
 1.881405276E+00 7.520964332E-01 1.867813836E+00 7.654564166E-01 1.853808924E+00
 7.790603512E-01 1.839369737E+00 7.929387226E-01 1.824471258E+00 8.071128793E-01
 1.809084664E+00 8.215897937E-01 1.793180320E+00 8.363815374E-01 1.776727187E+00
 8.515057738E-01 1.759691487E+00 8.669679805E-01 1.742038009E+00 8.827686795E-01
 1.723730359E+00 8.989336891E-01 1.704729330E+00 9.154708565E-01 1.684995819E+00
 9.323456647E-01 1.664490457E+00 9.495499617E-01 1.643173955E+00 9.670657056E-01
 1.621011080E+00 9.848372442E-01 1.597966918E+00 1.002829044E+00 1.574014602E+00
 1.020960648E+00 1.549143941E+00 1.039084493E+00 1.523362458E+00 1.057017518E+00
 1.496698228E+00 1.074546428E+00 1.469225267E+00 1.091337155E+00 1.441042853E+00
 1.107066028E+00 1.412323084E+00 1.121251930E+00 1.383144380E+00 1.133856714E+00
 1.353479120E+00 1.145172359E+00 1.324853654E+00 1.151041870E+00 1.291273683E+00
 1.168183828E+00 1.265618059E+00 1.162548381E+00 1.258927873E+00 1.112147701E+00
 1.251889515E+00 1.066963995E+00 1.246531868E+00 1.021992145E+00 1.241428883E+00
 9.800822449E-01 1.236189213E+00 9.415732129E-01 1.230826229E+00 9.060023414E-01
 1.225315908E+00 8.730439717E-01 1.219688898E+00 8.423311625E-01 1.214024610E+00
 8.134762028E-01 1.208379300E+00 7.861845142E-01 1.202791830E+00 7.602293291E-01
 1.197293182E+00 7.354266008E-01 1.191903920E+00 7.116310913E-01 1.186647096E+00
 6.887136999E-01 1.181534485E+00 6.665757049E-01 1.176579767E+00 6.451285699E-01
 1.171792730E+00 6.242990294E-01 1.167178935E+00 6.040271044E-01 1.162746080E+00
 5.842576570E-01 1.158496759E+00 5.649469125E-01 1.154432423E+00 5.460570057E-01
 1.150555562E+00 5.275532377E-01 1.146864639E+00 5.094080742E-01 1.143357478E+00
 4.915972508E-01 1.140032676E+00 4.740982307E-01 1.136886393E+00 4.568924595E-01
 1.133913781E+00 4.399637068E-01 1.131110629E+00 4.232965973E-01 1.128472411E+00
 4.068771690E-01 1.125992596E+00 3.906937364E-01 1.123664553E+00 3.747353456E-01
 1.121481911E+00 3.589914638E-01 1.119438119E+00 3.434521620E-01 1.117526016E+00
 3.281082367E-01 1.115738480E+00 3.129507433E-01 1.114068482E+00 2.979709191E-01
 1.112509124E+00 2.831601204E-01 1.111054253E+00 2.685095399E-01 1.109698183E+00
 2.540103537E-01 1.108435290E+00 2.396538782E-01 1.107259994E+00 2.254315377E-01
 1.106167082E+00 2.113347228E-01 1.105152934E+00 1.973544372E-01 1.104214422E+00
 1.834817320E-01 1.103348463E+00 1.697078310E-01 1.102552009E+00 1.560240967E-01
 1.101822411E+00 1.424219225E-01 1.101158545E+00 1.288925350E-01 1.100559711E+00
 1.154272989E-01 1.100025253E+00 1.020177780E-01 1.099554540E+00 8.865570574E-02
 1.099146948E+00 7.533295612E-02 1.098802183E+00 6.204148756E-02 1.098520402E+00
 4.877333978E-02 1.098301803E+00 3.552066259E-02 1.098146597E+00 2.227569020E-02
 1.098055000E+00 9.030712269E-03 1.098027226E+00-4.221955478E-03 1.098063512E+00
-1.748999966E-02 1.098164147E+00-3.078113433E-02 1.098329419E+00-4.410313042E-02
 1.098559626E+00-5.746384473E-02 1.098855081E+00-7.087124951E-02 1.099216166E+00
-8.433345428E-02 1.099643592E+00-9.785868443E-02 1.100138257E+00-1.114553091E-01
 1.100701073E+00-1.251318946E-01 1.101333001E+00-1.388972329E-01 1.102035068E+00
-1.527603689E-01 1.102809078E+00-1.667304296E-01 1.103658379E+00-1.808163371E-01
 1.104586556E+00-1.950271164E-01 1.105597239E+00-2.093719814E-01 1.106694157E+00
-2.238603531E-01 1.107882474E+00-2.385013512E-01 1.109169354E+00-2.533034224E-01
 1.110562134E+00-2.682749800E-01 1.112068163E+00-2.834245034E-01 1.113695063E+00
-2.987604509E-01 1.115453154E+00-3.142899695E-01 1.117354395E+00-3.300191759E-01
 1.119410671E+00-3.459539861E-01 1.121633797E+00-3.621001553E-01 1.124036692E+00
-3.784625572E-01 1.126633902E+00-3.950446959E-01 1.129439924E+00-4.118496811E-01
 1.132469192E+00-4.288802628E-01 1.135738029E+00-4.461373390E-01 1.139264119E+00
-4.636200804E-01 1.143064814E+00-4.813271252E-01 1.147158828E+00-4.992551162E-01
 1.151568881E+00-5.173959745E-01 1.156317595E+00-5.357400121E-01 1.161429064E+00
-5.542742451E-01 1.166933030E+00-5.729775550E-01 1.172858807E+00-5.918258560E-01
 1.179237617E+00-6.107891691E-01 1.186106297E+00-6.298263211E-01 1.193500186E+00
-6.488917702E-01 1.201458384E+00-6.679283807E-01 1.210021317E+00-6.868687103E-01
 1.219228382E+00-7.056366753E-01 1.229119866E+00-7.241434778E-01 1.239731739E+00
-7.422934967E-01 1.251097580E+00-7.599803967E-01 1.263244169E+00-7.770929091E-01
 1.276187728E+00-7.935212304E-01 1.289934956E+00-8.091563332E-01 1.304479211E+00
-8.238984917E-01 1.319804188E+00-8.376527962E-01 1.335878895E+00-8.503420753E-01
 1.352663979E+00-8.618976424E-01 1.370110551E+00-8.722648986E-01 1.388162678E+00
-8.814011796E-01 1.406757184E+00-8.892800583E-01 1.425828590E+00-8.958817715E-01
 1.445308884E+00-9.011958330E-01 1.465129791E+00-9.052160719E-01 1.485222812E+00
-9.079414783E-01 1.505518305E+00-9.093814899E-01 1.525946548E+00-9.095553660E-01
 1.546439496E+00-9.084875925E-01 1.566930886E+00-9.062091115E-01 1.587355121E+00
-9.027677217E-01 1.607647350E+00-8.982394262E-01 1.627750204E+00-8.926927875E-01
 1.647613199E+00-8.861842622E-01 1.667189105E+00-8.787897622E-01 1.686435877E+00
-8.706038667E-01 1.705319223E+00-8.617115179E-01 1.723811447E+00-8.521914282E-01
 1.741890864E+00-8.421257980E-01 1.759541871E+00-8.315939728E-01 1.776754047E+00
-8.206626866E-01 1.793521622E+00-8.093963127E-01 1.809843503E+00-7.978595088E-01
 1.825722198E+00-7.861079329E-01 1.841161410E+00-7.741777775E-01 1.856166861E+00
-7.621031979E-01 1.870746675E+00-7.499192880E-01 1.884910142E+00-7.376554072E-01
 1.898666233E+00-7.253311765E-01 1.912024823E+00-7.129653604E-01 1.924997078E+00
-7.005774392E-01 1.937594396E+00-6.881835867E-01 1.949824746E+00-6.757862323E-01
 1.961694812E+00-6.633847763E-01 1.973212789E+00-6.509841313E-01 1.984387933E+00
-6.385918470E-01 1.995228751E+00-6.262129178E-01 2.005742537E+00-6.138493543E-01
 2.015936469E+00-6.015032786E-01 2.025818189E+00-5.891780367E-01 2.035395529E+00
-5.768773148E-01 2.044675870E+00-5.646038365E-01 2.053665643E+00-5.523586612E-01
 2.062371081E+00-5.401427865E-01 2.070799038E+00-5.279584386E-01 2.078957446E+00
-5.158094628E-01 2.086854473E+00-5.036997059E-01 2.094498780E+00-4.916333138E-01
 2.101899575E+00-4.796146800E-01 2.109066260E+00-4.676478706E-01 2.116007270E+00
-4.557352033E-01 2.122729809E+00-4.438772251E-01 2.129241045E+00-4.320743514E-01
 2.135548520E+00-4.203272936E-01 2.141660901E+00-4.086377244E-01 2.147587323E+00
-3.970073885E-01 2.153336967E+00-3.854376166E-01 2.158917755E+00-3.739281493E-01
 2.164336952E+00-3.624779117E-01 2.169601875E+00-3.510857114E-01 2.174719580E+00
-3.397499658E-01 2.179695422E+00-3.284676339E-01 2.184534147E+00-3.172352762E-01
 2.189240455E+00-3.060495130E-01 2.193818549E+00-2.949066960E-01 2.198270846E+00
-2.838021307E-01 2.202599181E+00-2.727310378E-01 2.206805282E+00-2.616888680E-01
 2.210890694E+00-2.506712351E-01 2.214856018E+00-2.396735021E-01 2.218700901E+00
-2.286908661E-01 2.222424833E+00-2.177188222E-01 2.226027169E+00-2.067531541E-01
 2.229506305E+00-1.957895708E-01 2.232858676E+00-1.848233896E-01 2.236080278E+00
-1.738503118E-01 2.239166889E+00-1.628665129E-01 2.242114182E+00-1.518686710E-01
 2.244917633E+00-1.408539193E-01 2.247572559E+00-1.298198526E-01 2.250074093E+00
-1.187645117E-01 2.252417216E+00-1.076863902E-01 2.254596823E+00-9.658444513E-02
 2.256607642E+00-8.545807172E-02 2.258444091E+00-7.430708410E-02 2.260100389E+00
-6.313175044E-02 2.261570651E+00-5.193281606E-02 2.262848961E+00-4.071151205E-02
 2.263929628E+00-2.946957429E-02 2.264809070E+00-1.820933314E-02 2.265484899E+00
-6.933450595E-03 2.265954624E+00 4.355232264E-03 2.266215769E+00 1.565368246E-02
 1.039654053E+00-1.186458111E+00 2.324667618E+00-1.186458111E+00 2.324667618E+00
 1.217613625E+00 1.039654053E+00 1.217613625E+00 1.039654053E+00-1.186458111E+00

    5.40976890E-02 abs(PSI-AXIS) --> [T M**2]    -3.11681739E-01
    1.01910215E+00 R OF MAGAXE --> [M]       1.72839725E+00
    9.18499846E-03 Z OF MAGAXE --> [M]       1.55777574E-02
    9.22976560E-03 Z0 --> [M]       1.56536825E-02
    1.69600000E+00 R0 [M] USED FOR CONVERTING TO MKSA
    2.00300000E+00 B0 [T] USED FOR CONVERTING TO MKSA
    1.00000000E+00 SIGN OF B0 IN EXPERIMENT (CHEASE ASSUMES 1.0) 
    5.08300622E-01 TOTAL CURRENT --> [A]     1.37409758E+06
    1.00000000E+00 SIGN OF IP IN EXPERIMENT (CHEASE ASSUMES 1.0) 
    1.78122792E+00 b/a
    8.50483640E-01 Q_ZERO, USING SIGNS OF IP AND B0, WOULD GIVE:     8.50483640E-01
    8.81223785E+00 Q_EDGE, USING SIGNS OF IP AND B0, WOULD GIVE:     8.81223785E+00
    6.11630030E-01 POLOIDAL BETA
    2.08084803E-02 BETA_EXP=<P>*2*MU0/B0**2
    7.16132830E-01 LI
    2.44345447E-02 PRESSURE ON AXIS --> [Pa]     7.80110793E+04  --> [10**19 M**-3 KEV]:     4.86960545E+01
    1.80786954E-02 BETA
    2.11422032E-02 BETA* (SQRT(<P**2>))
    4.51557027E-02 BETA-AXIS
   -5.40976890E-02 PSI-AXIS --> [T M**2]    -3.11681739E-01
   -3.39905805E-01 2*PI*PSI-AXIS -->        -1.95835412E+00
   -5.40976890E-02 IP_SIGN*PSI-AXIS --> [T M**2]    -3.11681739E-01
   -3.39905805E-01 IP_SIGN*2*PI*PSI-AXIS -->        -1.95835412E+00
    2.87978743E+00 ASPECT RATIO ; a/R=     3.47247853E-01
    3.64164236E+00 VOLUME ->     1.77653937E+01
    6.07354217E-01 AREA   ->     1.74700339E+00
    1.80848990E+01 SURFACE   ->     5.20196929E+01
    3.05109057E+00 LENGTH ->     5.17464961E+00
    6.47421713E-01 RMIN -> RMIN [m]     1.09802723E+00
    1.33624165E+00 RMAX -> RMAX [m]     2.26626584E+00
   -5.36294438E-01 ZMIN -> ZMIN [m]    -9.09555366E-01
    6.88787635E-01 ZMAX -> ZMAX [m]     1.16818383E+00
    9.91831683E-01 RGEOM -> RGEOM [m]     1.68214654E+00
    3.44409970E-01 MINOR RADIUS -> A [m]     5.84119309E-01
