    3.47246389E-01
    9.18499846E-03
    0.00000000E+00
  300
    1.33621213E+00    9.22976560E-03
    1.33624165E+00    1.58954443E-02
    1.33614525E+00    2.25629603E-02
    1.33592209E+00    2.92302154E-02
    1.33557345E+00    3.58952193E-02
    1.33510099E+00    4.25561316E-02
    1.33450638E+00    4.92112495E-02
    1.33379129E+00    5.58590093E-02
    1.33295732E+00    6.24979740E-02
    1.33200619E+00    6.91268611E-02
    1.33094018E+00    7.57446562E-02
    1.32976173E+00    8.23505767E-02
    1.32847326E+00    8.89440444E-02
    1.32707713E+00    9.55246916E-02
    1.32557562E+00    1.02092339E-01
    1.32397119E+00    1.08647086E-01
    1.32226647E+00    1.15189343E-01
    1.32046411E+00    1.21719787E-01
    1.31856665E+00    1.28239348E-01
    1.31657644E+00    1.34749167E-01
    1.31449508E+00    1.41250330E-01
    1.31232368E+00    1.47743929E-01
    1.31006326E+00    1.54231207E-01
    1.30771480E+00    1.60713580E-01
    1.30527884E+00    1.67192445E-01
    1.30275509E+00    1.73668907E-01
    1.30014316E+00    1.80144102E-01
    1.29744256E+00    1.86619244E-01
    1.29465269E+00    1.93095568E-01
    1.29177212E+00    1.99573860E-01
    1.28879905E+00    2.06054681E-01
    1.28573170E+00    2.12538591E-01
    1.28256829E+00    2.19026170E-01
    1.27930710E+00    2.25518080E-01
    1.27594644E+00    2.32015034E-01
    1.27248458E+00    2.38517802E-01
    1.26891945E+00    2.45026887E-01
    1.26524806E+00    2.51541949E-01
    1.26146733E+00    2.58062431E-01
    1.25757422E+00    2.64587760E-01
    1.25356662E+00    2.71118238E-01
    1.24944328E+00    2.77655319E-01
    1.24520293E+00    2.84200654E-01
    1.24084387E+00    2.90755720E-01
    1.23636358E+00    2.97321184E-01
    1.23175932E+00    3.03897576E-01
    1.22702849E+00    3.10485734E-01
    1.22216909E+00    3.17087706E-01
    1.21717914E+00    3.23705958E-01
    1.21205647E+00    3.30343257E-01
    1.20679913E+00    3.37003353E-01
    1.20140495E+00    3.43690480E-01
    1.19587144E+00    3.50409209E-01
    1.19019583E+00    3.57164631E-01
    1.18437490E+00    3.63962150E-01
    1.17840494E+00    3.70807361E-01
    1.17228168E+00    3.77706071E-01
    1.16600037E+00    3.84664428E-01
    1.15955601E+00    3.91689691E-01
    1.15294309E+00    3.98789913E-01
    1.14615527E+00    4.05973133E-01
    1.13918518E+00    4.13246745E-01
    1.13202481E+00    4.20618797E-01
    1.12466651E+00    4.28101976E-01
    1.11710177E+00    4.35710889E-01
    1.10931915E+00    4.43453086E-01
    1.10130533E+00    4.51330434E-01
    1.09304771E+00    4.59351622E-01
    1.08453404E+00    4.67534624E-01
    1.07574956E+00    4.75892028E-01
    1.06667728E+00    4.84427944E-01
    1.05729972E+00    4.93149491E-01
    1.04759858E+00    5.02067084E-01
    1.03755394E+00    5.11183951E-01
    1.02714505E+00    5.20500401E-01
    1.01635045E+00    5.30031656E-01
    1.00514701E+00    5.39782345E-01
    9.93511686E-01    5.49732114E-01
    9.81421260E-01    5.59876157E-01
    9.68852568E-01    5.70203836E-01
    9.55784835E-01    5.80682337E-01
    9.42197475E-01    5.91290710E-01
    9.28074647E-01    6.01981514E-01
    9.13410343E-01    6.12667744E-01
    8.98208996E-01    6.23241461E-01
    8.82487163E-01    6.33576903E-01
    8.66288483E-01    6.43477096E-01
    8.49671494E-01    6.52751196E-01
    8.32737667E-01    6.61115525E-01
    8.15533243E-01    6.68547591E-01
    7.98041934E-01    6.75219551E-01
    7.81163711E-01    6.78680348E-01
    7.61364200E-01    6.88787635E-01
    7.46237063E-01    6.85464847E-01
    7.42292378E-01    6.55747465E-01
    7.38142403E-01    6.29106129E-01
    7.34983413E-01    6.02589708E-01
    7.31974577E-01    5.77878682E-01
    7.28885149E-01    5.55172885E-01
    7.25723012E-01    5.34199494E-01
    7.22474002E-01    5.14766493E-01
    7.19156190E-01    4.96657525E-01
    7.15816397E-01    4.79643988E-01
    7.12487795E-01    4.63552190E-01
    7.09193296E-01    4.48248425E-01
    7.05951169E-01    4.33624175E-01
    7.02773538E-01    4.19593804E-01
    6.99673995E-01    4.06081191E-01
    6.96659484E-01    3.93028128E-01
    6.93738070E-01    3.80382411E-01
    6.90915524E-01    3.68100843E-01
    6.88195127E-01    3.56148057E-01
    6.85581415E-01    3.44491543E-01
    6.83075919E-01    3.33105491E-01
    6.80679495E-01    3.21967574E-01
    6.78393609E-01    3.11057334E-01
    6.76217358E-01    3.00358534E-01
    6.74149456E-01    2.89856870E-01
    6.72189078E-01    2.79539051E-01
    6.70333958E-01    2.69394139E-01
    6.68581239E-01    2.59412563E-01
    6.66928437E-01    2.49585258E-01
    6.65372884E-01    2.39903991E-01
    6.63910729E-01    2.30361873E-01
    6.62538062E-01    2.20952444E-01
    6.61251127E-01    2.11669495E-01
    6.60046061E-01    2.02507171E-01
    6.58918641E-01    1.93460045E-01
    6.57864670E-01    1.84522844E-01
    6.56880001E-01    1.75690400E-01
    6.55960569E-01    1.66957618E-01
    6.55102743E-01    1.58319304E-01
    6.54303174E-01    1.49770256E-01
    6.53558544E-01    1.41305353E-01
    6.52865562E-01    1.32919539E-01
    6.52221157E-01    1.24607738E-01
    6.51623192E-01    1.16364645E-01
    6.51069824E-01    1.08184984E-01
    6.50559235E-01    1.00063580E-01
    6.50089628E-01    9.19953400E-02
    6.49659440E-01    8.39751902E-02
    6.49268010E-01    7.59979570E-02
    6.48914924E-01    6.80585489E-02
    6.48599796E-01    6.01519918E-02
    6.48322252E-01    5.22734114E-02
    6.48081927E-01    4.44180166E-02
    6.47878646E-01    3.65810658E-02
    6.47712501E-01    2.87578654E-02
    6.47583610E-01    2.09437869E-02
    6.47492097E-01    1.31342513E-02
    6.47438089E-01    5.32471242E-03
    6.47421713E-01   -2.48936054E-03
    6.47443108E-01   -1.03124998E-02
    6.47502445E-01   -1.81492537E-02
    6.47599893E-01   -2.60042043E-02
    6.47735629E-01   -3.38819839E-02
    6.47909836E-01   -4.17872933E-02
    6.48122740E-01   -4.97249141E-02
    6.48374759E-01   -5.76996960E-02
    6.48666425E-01   -6.57165737E-02
    6.48998274E-01   -7.37805982E-02
    6.49370873E-01   -8.18969533E-02
    6.49784828E-01   -9.00709722E-02
    6.50241202E-01   -9.83080363E-02
    6.50741969E-01   -1.06613406E-01
    6.51289243E-01   -1.14992404E-01
    6.51885165E-01   -1.23450461E-01
    6.52531932E-01   -1.31993133E-01
    6.53232591E-01   -1.40625797E-01
    6.53991364E-01   -1.49353433E-01
    6.54812579E-01   -1.58181002E-01
    6.55700568E-01   -1.67113504E-01
    6.56659825E-01   -1.76155926E-01
    6.57696435E-01   -1.85312482E-01
    6.58817450E-01   -1.94586778E-01
    6.60029877E-01   -2.03982303E-01
    6.61340682E-01   -2.13502450E-01
    6.62757483E-01   -2.23150093E-01
    6.64288857E-01   -2.32927297E-01
    6.65943351E-01   -2.42835897E-01
    6.67729476E-01   -2.52877513E-01
    6.69656857E-01   -2.63052676E-01
    6.71735919E-01   -2.73360896E-01
    6.73976895E-01   -2.83801371E-01
    6.76390818E-01   -2.94372120E-01
    6.78991086E-01   -3.05068381E-01
    6.81791035E-01   -3.15884441E-01
    6.84804873E-01   -3.26812644E-01
    6.88050136E-01   -3.37840539E-01
    6.91544108E-01   -3.48953925E-01
    6.95305199E-01   -3.60135123E-01
    6.99355128E-01   -3.71359859E-01
    7.03714732E-01   -3.82601280E-01
    7.08407066E-01   -3.93825696E-01
    7.13455965E-01   -4.04993343E-01
    7.18884659E-01   -4.16059360E-01
    7.24716902E-01   -4.26971390E-01
    7.30973902E-01   -4.37673052E-01
    7.37675460E-01   -4.48101649E-01
    7.44837364E-01   -4.58191574E-01
    7.52469179E-01   -4.67878084E-01
    7.60574856E-01   -4.77096895E-01
    7.69150478E-01   -4.85789205E-01
    7.78186432E-01   -4.93899054E-01
    7.87664443E-01   -5.01380941E-01
    7.97561308E-01   -5.08194365E-01
    8.07848202E-01   -5.14307134E-01
    8.18492145E-01   -5.19694092E-01
    8.29455887E-01   -5.24339657E-01
    8.40700819E-01   -5.28232177E-01
    8.52186842E-01   -5.31365468E-01
    8.63873697E-01   -5.33735891E-01
    8.75720998E-01   -5.35342853E-01
    8.87687680E-01   -5.36191916E-01
    8.99732635E-01   -5.36294438E-01
    9.11815740E-01   -5.35664854E-01
    9.23897928E-01   -5.34321410E-01
    9.35940520E-01   -5.32292289E-01
    9.47905277E-01   -5.29622303E-01
    9.59758375E-01   -5.26351879E-01
    9.71470047E-01   -5.22514306E-01
    9.83012444E-01   -5.18154341E-01
    9.94360777E-01   -5.13327752E-01
    1.00549482E+00   -5.08084621E-01
    1.01639826E+00   -5.02471361E-01
    1.02705829E+00   -4.96536437E-01
    1.03746573E+00   -4.90326635E-01
    1.04761441E+00   -4.83881301E-01
    1.05750096E+00   -4.77238392E-01
    1.06712471E+00   -4.70436031E-01
    1.07648715E+00   -4.63507036E-01
    1.08559045E+00   -4.56472746E-01
    1.09443801E+00   -4.49353301E-01
    1.10303460E+00   -4.42169391E-01
    1.11138570E+00   -4.34938330E-01
    1.11949660E+00   -4.27671684E-01
    1.12737313E+00   -4.20380519E-01
    1.13502186E+00   -4.13076320E-01
    1.14244953E+00   -4.05768624E-01
    1.14966082E+00   -3.98458863E-01
    1.15665968E+00   -3.91146684E-01
    1.16345094E+00   -3.83834983E-01
    1.17004006E+00   -3.76528212E-01
    1.17643205E+00   -3.69229315E-01
    1.18263121E+00   -3.61939478E-01
    1.18864179E+00   -3.54659952E-01
    1.19446827E+00   -3.47392710E-01
    1.20011529E+00   -3.40139926E-01
    1.20558719E+00   -3.32903205E-01
    1.21088776E+00   -3.25683173E-01
    1.21602068E+00   -3.18480417E-01
    1.22099000E+00   -3.11296249E-01
    1.22580038E+00   -3.04132938E-01
    1.23045665E+00   -2.96992751E-01
    1.23496390E+00   -2.89878133E-01
    1.23932758E+00   -2.82791675E-01
    1.24355322E+00   -2.75735773E-01
    1.24764580E+00   -2.68711794E-01
    1.25160956E+00   -2.61720062E-01
    1.25544873E+00   -2.54760820E-01
    1.25916776E+00   -2.47834489E-01
    1.26277176E+00   -2.40942054E-01
    1.26626611E+00   -2.34084545E-01
    1.26965623E+00   -2.27262746E-01
    1.27294679E+00   -2.20476503E-01
    1.27614207E+00   -2.13725184E-01
    1.27924639E+00   -2.07008085E-01
    1.28226390E+00   -2.00324272E-01
    1.28519777E+00   -1.93671954E-01
    1.28805079E+00   -1.87049102E-01
    1.29082574E+00   -1.80453722E-01
    1.29352509E+00   -1.73883665E-01
    1.29615026E+00   -1.67336162E-01
    1.29870235E+00   -1.60808395E-01
    1.30118236E+00   -1.54297682E-01
    1.30359121E+00   -1.47801436E-01
    1.30592926E+00   -1.41316923E-01
    1.30819629E+00   -1.34841313E-01
    1.31039200E+00   -1.28371947E-01
    1.31251602E+00   -1.21906341E-01
    1.31456740E+00   -1.15441964E-01
    1.31654403E+00   -1.08976055E-01
    1.31844356E+00   -1.02506080E-01
    1.32026350E+00   -9.60297836E-02
    1.32200129E+00   -8.95452069E-02
    1.32365426E+00   -8.30506600E-02
    1.32521967E+00   -7.65447244E-02
    1.32669463E+00   -7.00262451E-02
    1.32807619E+00   -6.34943339E-02
    1.32936133E+00   -5.69483757E-02
    1.33054696E+00   -5.03880140E-02
    1.33162977E+00   -4.38131392E-02
    1.33260636E+00   -3.72239095E-02
    1.33347326E+00   -3.06207642E-02
    1.33422698E+00   -2.40044293E-02
    1.33486417E+00   -1.73759282E-02
    1.33538271E+00   -1.07366351E-02
    1.33578119E+00   -4.08811945E-03
    1.33605815E+00    2.56794355E-03
    1.33621213E+00    9.22976560E-03
  129    8
    3    0
    0.00000000E+00
    7.81250000E-03
    1.56250000E-02
    2.34375000E-02
    3.12500000E-02
    3.90625000E-02
    4.68750000E-02
    5.46875000E-02
    6.25000000E-02
    7.03125000E-02
    7.81250000E-02
    8.59375000E-02
    9.37500000E-02
    1.01562500E-01
    1.09375000E-01
    1.17187500E-01
    1.25000000E-01
    1.32812500E-01
    1.40625000E-01
    1.48437500E-01
    1.56250000E-01
    1.64062500E-01
    1.71875000E-01
    1.79687500E-01
    1.87500000E-01
    1.95312500E-01
    2.03125000E-01
    2.10937500E-01
    2.18750000E-01
    2.26562500E-01
    2.34375000E-01
    2.42187500E-01
    2.50000000E-01
    2.57812500E-01
    2.65625000E-01
    2.73437500E-01
    2.81250000E-01
    2.89062500E-01
    2.96875000E-01
    3.04687500E-01
    3.12500000E-01
    3.20312500E-01
    3.28125000E-01
    3.35937500E-01
    3.43750000E-01
    3.51562500E-01
    3.59375000E-01
    3.67187500E-01
    3.75000000E-01
    3.82812500E-01
    3.90625000E-01
    3.98437500E-01
    4.06250000E-01
    4.14062500E-01
    4.21875000E-01
    4.29687500E-01
    4.37500000E-01
    4.45312500E-01
    4.53125000E-01
    4.60937500E-01
    4.68750000E-01
    4.76562500E-01
    4.84375000E-01
    4.92187500E-01
    5.00000000E-01
    5.07812500E-01
    5.15625000E-01
    5.23437500E-01
    5.31250000E-01
    5.39062500E-01
    5.46875000E-01
    5.54687500E-01
    5.62500000E-01
    5.70312500E-01
    5.78125000E-01
    5.85937500E-01
    5.93750000E-01
    6.01562500E-01
    6.09375000E-01
    6.17187500E-01
    6.25000000E-01
    6.32812500E-01
    6.40625000E-01
    6.48437500E-01
    6.56250000E-01
    6.64062500E-01
    6.71875000E-01
    6.79687500E-01
    6.87500000E-01
    6.95312500E-01
    7.03125000E-01
    7.10937500E-01
    7.18750000E-01
    7.26562500E-01
    7.34375000E-01
    7.42187500E-01
    7.50000000E-01
    7.57812500E-01
    7.65625000E-01
    7.73437500E-01
    7.81250000E-01
    7.89062500E-01
    7.96875000E-01
    8.04687500E-01
    8.12500000E-01
    8.20312500E-01
    8.28125000E-01
    8.35937500E-01
    8.43750000E-01
    8.51562500E-01
    8.59375000E-01
    8.67187500E-01
    8.75000000E-01
    8.82812500E-01
    8.90625000E-01
    8.98437500E-01
    9.06250000E-01
    9.14062500E-01
    9.21875000E-01
    9.29687500E-01
    9.37500000E-01
    9.45312500E-01
    9.53125000E-01
    9.60937500E-01
    9.68750000E-01
    9.76562500E-01
    9.84375000E-01
    9.92187500E-01
    1.00000000E+00
    2.44345447E-02
    2.44346555E-02
    2.44355118E-02
    2.44369322E-02
    2.44387353E-02
    2.44408914E-02
    2.44431902E-02
    2.44454824E-02
    2.44475446E-02
    2.44491476E-02
    2.44500297E-02
    2.44499125E-02
    2.44484980E-02
    2.44454743E-02
    2.44405177E-02
    2.44332963E-02
    2.44234735E-02
    2.44107108E-02
    2.43946717E-02
    2.43750243E-02
    2.43514449E-02
    2.43236207E-02
    2.42912525E-02
    2.42540575E-02
    2.42117714E-02
    2.41641509E-02
    2.41109750E-02
    2.40520472E-02
    2.39871963E-02
    2.39162780E-02
    2.38391750E-02
    2.37557983E-02
    2.36660869E-02
    2.35700079E-02
    2.34675567E-02
    2.33587558E-02
    2.32436549E-02
    2.31223297E-02
    2.29948807E-02
    2.28614326E-02
    2.27221326E-02
    2.25771493E-02
    2.24266707E-02
    2.22709035E-02
    2.21100710E-02
    2.19444111E-02
    2.17741757E-02
    2.15996280E-02
    2.14210414E-02
    2.12386977E-02
    2.10528852E-02
    2.08638975E-02
    2.06720315E-02
    2.04775855E-02
    2.02808582E-02
    2.00821462E-02
    1.98817426E-02
    1.96799351E-02
    1.94770034E-02
    1.92732179E-02
    1.90688366E-02
    1.88641025E-02
    1.86592403E-02
    1.84544531E-02
    1.82499182E-02
    1.80457817E-02
    1.78421534E-02
    1.76390994E-02
    1.74366338E-02
    1.72347094E-02
    1.70332041E-02
    1.68319122E-02
    1.66305833E-02
    1.64289772E-02
    1.62268764E-02
    1.60240821E-02
    1.58204143E-02
    1.56157098E-02
    1.54098217E-02
    1.52026183E-02
    1.49939816E-02
    1.47838064E-02
    1.45719994E-02
    1.43584780E-02
    1.41431697E-02
    1.39260109E-02
    1.37069460E-02
    1.34859268E-02
    1.32629118E-02
    1.30378653E-02
    1.28107571E-02
    1.25815613E-02
    1.23502564E-02
    1.21168245E-02
    1.18812506E-02
    1.16435225E-02
    1.14036303E-02
    1.11615657E-02
    1.09173220E-02
    1.06708934E-02
    1.04222746E-02
    1.01714605E-02
    9.91844545E-03
    9.66322303E-03
    9.40578499E-03
    9.14612075E-03
    8.88421630E-03
    8.62005305E-03
    8.35360634E-03
    8.08484357E-03
    7.81372184E-03
    7.54018494E-03
    7.26415945E-03
    6.98554972E-03
    6.70423185E-03
    6.42004390E-03
    6.13278033E-03
    5.84216122E-03
    5.54786797E-03
    5.24935233E-03
    4.94631059E-03
    4.63718733E-03
    4.32293582E-03
    3.99494839E-03
    3.63147005E-03
    3.22003585E-03
    2.43957825E-03
    1.21354302E-03
    0.00000000E+00
    2.45494729E+00
    2.45457678E+00
    2.45340484E+00
    2.45144122E+00
    2.44869713E+00
    2.44518298E+00
    2.44090905E+00
    2.43588483E+00
    2.43011877E+00
    2.42362030E+00
    2.41640376E+00
    2.40848453E+00
    2.39987833E+00
    2.39060189E+00
    2.38067219E+00
    2.37010698E+00
    2.35892530E+00
    2.34714629E+00
    2.33478912E+00
    2.32187324E+00
    2.30841803E+00
    2.29444215E+00
    2.27996353E+00
    2.26500122E+00
    2.24957289E+00
    2.23369635E+00
    2.21738940E+00
    2.20066522E+00
    2.18353653E+00
    2.16602035E+00
    2.14813089E+00
    2.12988011E+00
    2.11127716E+00
    2.09233054E+00
    2.07305166E+00
    2.05345093E+00
    2.03353355E+00
    2.01330403E+00
    1.99277074E+00
    1.97193897E+00
    1.95081136E+00
    1.92939289E+00
    1.90768724E+00
    1.88569553E+00
    1.86342312E+00
    1.84087165E+00
    1.81804325E+00
    1.79494309E+00
    1.77157205E+00
    1.74793645E+00
    1.72404077E+00
    1.69989045E+00
    1.67549359E+00
    1.65085955E+00
    1.62599924E+00
    1.60092683E+00
    1.57565868E+00
    1.55021516E+00
    1.52462084E+00
    1.49890464E+00
    1.47310161E+00
    1.44725355E+00
    1.42140985E+00
    1.39562962E+00
    1.36998274E+00
    1.34455235E+00
    1.31943670E+00
    1.29475241E+00
    1.27063796E+00
    1.24725724E+00
    1.22480466E+00
    1.20346388E+00
    1.18318406E+00
    1.16383726E+00
    1.14530689E+00
    1.12748568E+00
    1.11027600E+00
    1.09358959E+00
    1.07734600E+00
    1.06147292E+00
    1.04590517E+00
    1.03058399E+00
    1.01545695E+00
    1.00047708E+00
    9.85602399E-01
    9.70795803E-01
    9.56024153E-01
    9.41258160E-01
    9.26472035E-01
    9.11642976E-01
    8.96750702E-01
    8.81777665E-01
    8.66708057E-01
    8.51528171E-01
    8.36225823E-01
    8.20789883E-01
    8.05210884E-01
    7.89479630E-01
    7.73588075E-01
    7.57529125E-01
    7.41295199E-01
    7.24879944E-01
    7.08276610E-01
    6.91477666E-01
    6.74475618E-01
    6.57261638E-01
    6.39825386E-01
    6.22155721E-01
    6.04238790E-01
    5.86057783E-01
    5.67592082E-01
    5.48816108E-01
    5.29697367E-01
    5.10194859E-01
    4.90256346E-01
    4.69815561E-01
    4.48787695E-01
    4.27063025E-01
    4.04499392E-01
    3.80912286E-01
    3.56061253E-01
    3.29627531E-01
    3.01628749E-01
    2.79363209E-01
    2.76496038E-01
    3.11360295E-01
    4.91109752E-01
    5.35816564E-01
    7.90301315E-02
