  129 rhopsi,  Te,   ne,   Zeff,   Ti,   ni  profiles
    0.000000E+00
    7.812500E-03
    1.562500E-02
    2.343750E-02
    3.125000E-02
    3.906250E-02
    4.687500E-02
    5.468750E-02
    6.250000E-02
    7.031250E-02
    7.812500E-02
    8.593750E-02
    9.375000E-02
    1.015625E-01
    1.093750E-01
    1.171875E-01
    1.250000E-01
    1.328125E-01
    1.406250E-01
    1.484375E-01
    1.562500E-01
    1.640625E-01
    1.718750E-01
    1.796875E-01
    1.875000E-01
    1.953125E-01
    2.031250E-01
    2.109375E-01
    2.187500E-01
    2.265625E-01
    2.343750E-01
    2.421875E-01
    2.500000E-01
    2.578125E-01
    2.656250E-01
    2.734375E-01
    2.812500E-01
    2.890625E-01
    2.968750E-01
    3.046875E-01
    3.125000E-01
    3.203125E-01
    3.281250E-01
    3.359375E-01
    3.437500E-01
    3.515625E-01
    3.593750E-01
    3.671875E-01
    3.750000E-01
    3.828125E-01
    3.906250E-01
    3.984375E-01
    4.062500E-01
    4.140625E-01
    4.218750E-01
    4.296875E-01
    4.375000E-01
    4.453125E-01
    4.531250E-01
    4.609375E-01
    4.687500E-01
    4.765625E-01
    4.843750E-01
    4.921875E-01
    5.000000E-01
    5.078125E-01
    5.156250E-01
    5.234375E-01
    5.312500E-01
    5.390625E-01
    5.468750E-01
    5.546875E-01
    5.625000E-01
    5.703125E-01
    5.781250E-01
    5.859375E-01
    5.937500E-01
    6.015625E-01
    6.093750E-01
    6.171875E-01
    6.250000E-01
    6.328125E-01
    6.406250E-01
    6.484375E-01
    6.562500E-01
    6.640625E-01
    6.718750E-01
    6.796875E-01
    6.875000E-01
    6.953125E-01
    7.031250E-01
    7.109375E-01
    7.187500E-01
    7.265625E-01
    7.343750E-01
    7.421875E-01
    7.500000E-01
    7.578125E-01
    7.656250E-01
    7.734375E-01
    7.812500E-01
    7.890625E-01
    7.968750E-01
    8.046875E-01
    8.125000E-01
    8.203125E-01
    8.281250E-01
    8.359375E-01
    8.437500E-01
    8.515625E-01
    8.593750E-01
    8.671875E-01
    8.750000E-01
    8.828125E-01
    8.906250E-01
    8.984375E-01
    9.062500E-01
    9.140625E-01
    9.218750E-01
    9.296875E-01
    9.375000E-01
    9.453125E-01
    9.531250E-01
    9.609375E-01
    9.687500E-01
    9.765625E-01
    9.843750E-01
    9.921875E-01
    1.000000E+00
    3.068357E+03
    3.068179E+03
    3.067643E+03
    3.066750E+03
    3.065499E+03
    3.063893E+03
    3.061931E+03
    3.059614E+03
    3.056944E+03
    3.053921E+03
    3.050546E+03
    3.046820E+03
    3.042745E+03
    3.038324E+03
    3.033557E+03
    3.028446E+03
    3.022994E+03
    3.017203E+03
    3.011074E+03
    3.004610E+03
    2.997815E+03
    2.990689E+03
    2.983236E+03
    2.975458E+03
    2.967360E+03
    2.958944E+03
    2.950213E+03
    2.941171E+03
    2.931820E+03
    2.922164E+03
    2.912207E+03
    2.901953E+03
    2.891404E+03
    2.880566E+03
    2.869442E+03
    2.858036E+03
    2.846352E+03
    2.834394E+03
    2.822165E+03
    2.809672E+03
    2.796917E+03
    2.783905E+03
    2.770640E+03
    2.757128E+03
    2.743373E+03
    2.729377E+03
    2.715146E+03
    2.700686E+03
    2.686000E+03
    2.671093E+03
    2.655969E+03
    2.640632E+03
    2.625087E+03
    2.609339E+03
    2.593392E+03
    2.577248E+03
    2.560919E+03
    2.544395E+03
    2.527744E+03
    2.510644E+03
    2.489568E+03
    2.467741E+03
    2.445940E+03
    2.424069E+03
    2.402087E+03
    2.379970E+03
    2.357710E+03
    2.335299E+03
    2.312735E+03
    2.290012E+03
    2.267130E+03
    2.244089E+03
    2.220889E+03
    2.197532E+03
    2.174019E+03
    2.150352E+03
    2.126529E+03
    2.102557E+03
    2.078433E+03
    2.054160E+03
    2.029740E+03
    2.005172E+03
    1.980455E+03
    1.955592E+03
    1.930579E+03
    1.905416E+03
    1.880101E+03
    1.854632E+03
    1.829005E+03
    1.803216E+03
    1.777259E+03
    1.751132E+03
    1.724824E+03
    1.698330E+03
    1.671642E+03
    1.644751E+03
    1.617646E+03
    1.590317E+03
    1.562753E+03
    1.534939E+03
    1.506864E+03
    1.478512E+03
    1.449868E+03
    1.420915E+03
    1.391634E+03
    1.362007E+03
    1.332017E+03
    1.301640E+03
    1.270853E+03
    1.239629E+03
    1.207944E+03
    1.175771E+03
    1.143079E+03
    1.109843E+03
    1.076032E+03
    1.041620E+03
    1.006576E+03
    9.708686E+02
    9.344638E+02
    8.973096E+02
    8.593423E+02
    8.204880E+02
    7.806298E+02
    7.394156E+02
    6.952190E+02
    6.388573E+02
    5.264041E+02
    2.827844E+02
    7.346800E+01
    8.526115E+19
    8.525888E+19
    8.525206E+19
    8.524068E+19
    8.522475E+19
    8.520431E+19
    8.517937E+19
    8.514996E+19
    8.511611E+19
    8.507784E+19
    8.503518E+19
    8.498818E+19
    8.493688E+19
    8.488132E+19
    8.482158E+19
    8.475769E+19
    8.468971E+19
    8.461768E+19
    8.454168E+19
    8.446181E+19
    8.437811E+19
    8.429066E+19
    8.419956E+19
    8.410492E+19
    8.400676E+19
    8.390519E+19
    8.380030E+19
    8.369219E+19
    8.358098E+19
    8.346676E+19
    8.334957E+19
    8.322956E+19
    8.310694E+19
    8.298161E+19
    8.285379E+19
    8.272363E+19
    8.259120E+19
    8.245661E+19
    8.232002E+19
    8.218143E+19
    8.204108E+19
    8.189902E+19
    8.175540E+19
    8.161040E+19
    8.146395E+19
    8.131630E+19
    8.116760E+19
    8.101790E+19
    8.086738E+19
    8.071606E+19
    8.056409E+19
    8.041158E+19
    8.025873E+19
    8.010554E+19
    7.995213E+19
    7.979867E+19
    7.964520E+19
    7.949187E+19
    7.933886E+19
    7.918364E+19
    7.899591E+19
    7.880443E+19
    7.861589E+19
    7.843008E+19
    7.824644E+19
    7.806482E+19
    7.788518E+19
    7.770735E+19
    7.753136E+19
    7.735723E+19
    7.718489E+19
    7.701423E+19
    7.684539E+19
    7.667818E+19
    7.651256E+19
    7.634850E+19
    7.618583E+19
    7.602454E+19
    7.586451E+19
    7.570551E+19
    7.554731E+19
    7.538987E+19
    7.523293E+19
    7.507616E+19
    7.491943E+19
    7.476234E+19
    7.460462E+19
    7.444591E+19
    7.428584E+19
    7.412393E+19
    7.395982E+19
    7.379301E+19
    7.362305E+19
    7.344942E+19
    7.327147E+19
    7.308872E+19
    7.290051E+19
    7.270612E+19
    7.250503E+19
    7.229642E+19
    7.207956E+19
    7.185374E+19
    7.161804E+19
    7.137169E+19
    7.111387E+19
    7.084356E+19
    7.055986E+19
    7.026184E+19
    6.994838E+19
    6.961860E+19
    6.927107E+19
    6.890495E+19
    6.851888E+19
    6.811167E+19
    6.768215E+19
    6.722891E+19
    6.675079E+19
    6.624633E+19
    6.571407E+19
    6.515241E+19
    6.455910E+19
    6.393165E+19
    6.326431E+19
    6.253404E+19
    6.161705E+19
    5.979078E+19
    5.338706E+19
    3.427972E+19
    1.362210E+19
    2.144115E+00
    2.144136E+00
    2.144198E+00
    2.144301E+00
    2.144444E+00
    2.144627E+00
    2.144850E+00
    2.145112E+00
    2.145413E+00
    2.145753E+00
    2.146133E+00
    2.146554E+00
    2.147020E+00
    2.147533E+00
    2.148093E+00
    2.148702E+00
    2.149359E+00
    2.150062E+00
    2.150811E+00
    2.151601E+00
    2.152434E+00
    2.153308E+00
    2.154224E+00
    2.155180E+00
    2.156176E+00
    2.157209E+00
    2.158286E+00
    2.159410E+00
    2.160584E+00
    2.161798E+00
    2.163053E+00
    2.164353E+00
    2.165697E+00
    2.167085E+00
    2.168514E+00
    2.169984E+00
    2.171498E+00
    2.173062E+00
    2.174674E+00
    2.176336E+00
    2.178040E+00
    2.179781E+00
    2.181564E+00
    2.183394E+00
    2.185282E+00
    2.187225E+00
    2.189218E+00
    2.191262E+00
    2.193353E+00
    2.195493E+00
    2.197683E+00
    2.199922E+00
    2.202210E+00
    2.204551E+00
    2.206944E+00
    2.209392E+00
    2.211894E+00
    2.214452E+00
    2.217074E+00
    2.219784E+00
    2.223089E+00
    2.226515E+00
    2.229972E+00
    2.233455E+00
    2.236990E+00
    2.240591E+00
    2.244247E+00
    2.247951E+00
    2.251727E+00
    2.255576E+00
    2.259456E+00
    2.263434E+00
    2.267489E+00
    2.271619E+00
    2.275814E+00
    2.280117E+00
    2.284502E+00
    2.288964E+00
    2.293506E+00
    2.298204E+00
    2.302947E+00
    2.307797E+00
    2.312796E+00
    2.317913E+00
    2.323124E+00
    2.328466E+00
    2.333977E+00
    2.339626E+00
    2.345436E+00
    2.351370E+00
    2.357497E+00
    2.363822E+00
    2.370320E+00
    2.377057E+00
    2.384010E+00
    2.391150E+00
    2.398592E+00
    2.406270E+00
    2.414270E+00
    2.422538E+00
    2.431138E+00
    2.440056E+00
    2.449371E+00
    2.459033E+00
    2.469129E+00
    2.479600E+00
    2.490611E+00
    2.502061E+00
    2.514054E+00
    2.526592E+00
    2.539743E+00
    2.553489E+00
    2.567936E+00
    2.583067E+00
    2.599034E+00
    2.615765E+00
    2.633442E+00
    2.652026E+00
    2.671675E+00
    2.692443E+00
    2.714395E+00
    2.737683E+00
    2.762391E+00
    2.788132E+00
    2.808939E+00
    2.772942E+00
    2.394145E+00
    1.669116E+00
    1.401781E+00
    3.030598E+03
    3.030597E+03
    3.030592E+03
    3.030587E+03
    3.030577E+03
    3.030558E+03
    3.030526E+03
    3.030476E+03
    3.030405E+03
    3.030307E+03
    3.030177E+03
    3.030006E+03
    3.029788E+03
    3.029512E+03
    3.029172E+03
    3.028756E+03
    3.028254E+03
    3.027657E+03
    3.026951E+03
    3.026125E+03
    3.025167E+03
    3.024062E+03
    3.022800E+03
    3.021365E+03
    3.019742E+03
    3.017919E+03
    3.015879E+03
    3.013607E+03
    3.011090E+03
    3.008310E+03
    3.005252E+03
    3.001902E+03
    2.998242E+03
    2.994256E+03
    2.989931E+03
    2.985249E+03
    2.980196E+03
    2.974758E+03
    2.968920E+03
    2.962669E+03
    2.955989E+03
    2.948870E+03
    2.941298E+03
    2.933264E+03
    2.924755E+03
    2.915764E+03
    2.906281E+03
    2.896300E+03
    2.885816E+03
    2.874822E+03
    2.863317E+03
    2.851298E+03
    2.838767E+03
    2.825723E+03
    2.812163E+03
    2.798078E+03
    2.783458E+03
    2.768299E+03
    2.752590E+03
    2.736326E+03
    2.719500E+03
    2.702111E+03
    2.684149E+03
    2.665615E+03
    2.646504E+03
    2.626816E+03
    2.606549E+03
    2.585703E+03
    2.564281E+03
    2.542286E+03
    2.519722E+03
    2.496598E+03
    2.472919E+03
    2.448697E+03
    2.423943E+03
    2.398670E+03
    2.372896E+03
    2.346638E+03
    2.319918E+03
    2.292756E+03
    2.265177E+03
    2.237211E+03
    2.208883E+03
    2.180225E+03
    2.151272E+03
    2.122059E+03
    2.092625E+03
    2.063010E+03
    2.033260E+03
    2.003419E+03
    1.973533E+03
    1.943660E+03
    1.913845E+03
    1.884147E+03
    1.854626E+03
    1.825343E+03
    1.796364E+03
    1.767747E+03
    1.739479E+03
    1.711473E+03
    1.683634E+03
    1.655860E+03
    1.628046E+03
    1.600074E+03
    1.571822E+03
    1.543160E+03
    1.513954E+03
    1.484058E+03
    1.453322E+03
    1.421587E+03
    1.388682E+03
    1.354434E+03
    1.318657E+03
    1.281157E+03
    1.241727E+03
    1.200254E+03
    1.156927E+03
    1.112001E+03
    1.065758E+03
    1.018500E+03
    9.705468E+02
    9.221702E+02
    8.722290E+02
    8.181310E+02
    7.570867E+02
    6.861359E+02
    6.023485E+02
    5.036535E+02
    3.879540E+02
    6.575143E+19
    6.574933E+19
    6.574301E+19
    6.573248E+19
    6.571776E+19
    6.569888E+19
    6.567585E+19
    6.564871E+19
    6.561749E+19
    6.558220E+19
    6.554285E+19
    6.549947E+19
    6.545202E+19
    6.540050E+19
    6.534497E+19
    6.528542E+19
    6.522193E+19
    6.515456E+19
    6.508338E+19
    6.500855E+19
    6.493007E+19
    6.484804E+19
    6.476253E+19
    6.467366E+19
    6.458144E+19
    6.448602E+19
    6.438736E+19
    6.428548E+19
    6.418043E+19
    6.407246E+19
    6.396158E+19
    6.384784E+19
    6.373144E+19
    6.361229E+19
    6.349063E+19
    6.336657E+19
    6.324011E+19
    6.311127E+19
    6.298018E+19
    6.284684E+19
    6.271155E+19
    6.257444E+19
    6.243555E+19
    6.229495E+19
    6.215240E+19
    6.200815E+19
    6.186241E+19
    6.171519E+19
    6.156671E+19
    6.141696E+19
    6.126604E+19
    6.111406E+19
    6.096116E+19
    6.080730E+19
    6.065258E+19
    6.049710E+19
    6.034089E+19
    6.018406E+19
    6.002661E+19
    5.986625E+19
    5.967210E+19
    5.947347E+19
    5.927682E+19
    5.908209E+19
    5.888843E+19
    5.869552E+19
    5.850350E+19
    5.831236E+19
    5.812174E+19
    5.793165E+19
    5.774270E+19
    5.755375E+19
    5.736525E+19
    5.717709E+19
    5.698940E+19
    5.680150E+19
    5.661366E+19
    5.642596E+19
    5.623827E+19
    5.604927E+19
    5.586048E+19
    5.567094E+19
    5.547983E+19
    5.528739E+19
    5.509389E+19
    5.489849E+19
    5.470045E+19
    5.449997E+19
    5.429647E+19
    5.409016E+19
    5.387977E+19
    5.366490E+19
    5.344562E+19
    5.322061E+19
    5.298978E+19
    5.275325E+19
    5.250890E+19
    5.225723E+19
    5.199669E+19
    5.172754E+19
    5.144840E+19
    5.115906E+19
    5.085782E+19
    5.054496E+19
    5.021878E+19
    4.987953E+19
    4.952440E+19
    4.915433E+19
    4.876726E+19
    4.836276E+19
    4.793914E+19
    4.749633E+19
    4.703224E+19
    4.654660E+19
    4.603694E+19
    4.550369E+19
    4.494408E+19
    4.435820E+19
    4.374356E+19
    4.309906E+19
    4.242314E+19
    4.171306E+19
    4.096502E+19
    4.017022E+19
    3.932475E+19
    3.858966E+19
    3.850120E+19
    2.969230E+19
    1.252748E+19
