    0.34724639E+00
    0.44956721E-01
    0.00000000E+00
  300
    0.13362121E+01    0.92297656E-02
    0.13362417E+01    0.15895444E-01
    0.13361452E+01    0.22562960E-01
    0.13359221E+01    0.29230215E-01
    0.13355735E+01    0.35895219E-01
    0.13351010E+01    0.42556132E-01
    0.13345064E+01    0.49211249E-01
    0.13337913E+01    0.55859009E-01
    0.13329573E+01    0.62497974E-01
    0.13320062E+01    0.69126861E-01
    0.13309402E+01    0.75744656E-01
    0.13297617E+01    0.82350577E-01
    0.13284733E+01    0.88944044E-01
    0.13270771E+01    0.95524692E-01
    0.13255756E+01    0.10209234E+00
    0.13239712E+01    0.10864709E+00
    0.13222665E+01    0.11518934E+00
    0.13204641E+01    0.12171979E+00
    0.13185666E+01    0.12823935E+00
    0.13165764E+01    0.13474917E+00
    0.13144951E+01    0.14125033E+00
    0.13123237E+01    0.14774393E+00
    0.13100633E+01    0.15423121E+00
    0.13077148E+01    0.16071358E+00
    0.13052788E+01    0.16719244E+00
    0.13027551E+01    0.17366891E+00
    0.13001432E+01    0.18014410E+00
    0.12974426E+01    0.18661924E+00
    0.12946527E+01    0.19309557E+00
    0.12917721E+01    0.19957386E+00
    0.12887990E+01    0.20605468E+00
    0.12857317E+01    0.21253859E+00
    0.12825683E+01    0.21902617E+00
    0.12793071E+01    0.22551808E+00
    0.12759464E+01    0.23201503E+00
    0.12724846E+01    0.23851780E+00
    0.12689195E+01    0.24502689E+00
    0.12652481E+01    0.25154195E+00
    0.12614673E+01    0.25806243E+00
    0.12575742E+01    0.26458776E+00
    0.12535666E+01    0.27111824E+00
    0.12494433E+01    0.27765532E+00
    0.12452029E+01    0.28420065E+00
    0.12408439E+01    0.29075572E+00
    0.12363636E+01    0.29732118E+00
    0.12317593E+01    0.30389758E+00
    0.12270285E+01    0.31048573E+00
    0.12221691E+01    0.31708771E+00
    0.12171791E+01    0.32370596E+00
    0.12120565E+01    0.33034326E+00
    0.12067991E+01    0.33700335E+00
    0.12014049E+01    0.34369048E+00
    0.11958714E+01    0.35040921E+00
    0.11901958E+01    0.35716463E+00
    0.11843749E+01    0.36396215E+00
    0.11784049E+01    0.37080736E+00
    0.11722817E+01    0.37770607E+00
    0.11660004E+01    0.38466443E+00
    0.11595560E+01    0.39168969E+00
    0.11529431E+01    0.39878991E+00
    0.11461553E+01    0.40597313E+00
    0.11391852E+01    0.41324675E+00
    0.11320248E+01    0.42061880E+00
    0.11246665E+01    0.42810198E+00
    0.11171018E+01    0.43571089E+00
    0.11093191E+01    0.44345309E+00
    0.11013053E+01    0.45133043E+00
    0.10930477E+01    0.45935162E+00
    0.10845340E+01    0.46753462E+00
    0.10757496E+01    0.47589203E+00
    0.10666773E+01    0.48442794E+00
    0.10572997E+01    0.49314949E+00
    0.10475986E+01    0.50206708E+00
    0.10375539E+01    0.51118395E+00
    0.10271450E+01    0.52050040E+00
    0.10163505E+01    0.53003166E+00
    0.10051470E+01    0.53978234E+00
    0.99351169E+00    0.54973211E+00
    0.98142126E+00    0.55987616E+00
    0.96885257E+00    0.57020384E+00
    0.95578483E+00    0.58068234E+00
    0.94219747E+00    0.59129071E+00
    0.92807465E+00    0.60198151E+00
    0.91341034E+00    0.61266774E+00
    0.89820900E+00    0.62324146E+00
    0.88248716E+00    0.63357690E+00
    0.86628848E+00    0.64347710E+00
    0.84967149E+00    0.65275120E+00
    0.83273767E+00    0.66111553E+00
    0.81553324E+00    0.66854759E+00
    0.79804193E+00    0.67521955E+00
    0.78116371E+00    0.67868035E+00
    0.76136420E+00    0.68878763E+00
    0.74623706E+00    0.68546485E+00
    0.74229238E+00    0.65574747E+00
    0.73814240E+00    0.62910613E+00
    0.73498341E+00    0.60258971E+00
    0.73197458E+00    0.57787868E+00
    0.72888515E+00    0.55517288E+00
    0.72572301E+00    0.53419949E+00
    0.72247400E+00    0.51476649E+00
    0.71915619E+00    0.49665752E+00
    0.71581640E+00    0.47964399E+00
    0.71248780E+00    0.46355219E+00
    0.70919330E+00    0.44824843E+00
    0.70595117E+00    0.43362418E+00
    0.70277354E+00    0.41959380E+00
    0.69967400E+00    0.40608119E+00
    0.69665948E+00    0.39302813E+00
    0.69373807E+00    0.38038241E+00
    0.69091552E+00    0.36810084E+00
    0.68819513E+00    0.35614806E+00
    0.68558142E+00    0.34449154E+00
    0.68307592E+00    0.33310549E+00
    0.68067950E+00    0.32196757E+00
    0.67839361E+00    0.31105733E+00
    0.67621736E+00    0.30035853E+00
    0.67414946E+00    0.28985687E+00
    0.67218908E+00    0.27953905E+00
    0.67033396E+00    0.26939414E+00
    0.66858124E+00    0.25941256E+00
    0.66692844E+00    0.24958526E+00
    0.66537288E+00    0.23990399E+00
    0.66391073E+00    0.23036187E+00
    0.66253806E+00    0.22095244E+00
    0.66125113E+00    0.21166950E+00
    0.66004606E+00    0.20250717E+00
    0.65891864E+00    0.19346004E+00
    0.65786467E+00    0.18452284E+00
    0.65688000E+00    0.17569040E+00
    0.65596057E+00    0.16695762E+00
    0.65510274E+00    0.15831930E+00
    0.65430317E+00    0.14977026E+00
    0.65355854E+00    0.14130535E+00
    0.65286556E+00    0.13291954E+00
    0.65222116E+00    0.12460774E+00
    0.65162319E+00    0.11636465E+00
    0.65106982E+00    0.10818498E+00
    0.65055924E+00    0.10006358E+00
    0.65008963E+00    0.91995340E-01
    0.64965944E+00    0.83975190E-01
    0.64926801E+00    0.75997957E-01
    0.64891492E+00    0.68058549E-01
    0.64859980E+00    0.60151992E-01
    0.64832225E+00    0.52273411E-01
    0.64808193E+00    0.44418017E-01
    0.64787865E+00    0.36581066E-01
    0.64771250E+00    0.28757865E-01
    0.64758361E+00    0.20943787E-01
    0.64749210E+00    0.13134251E-01
    0.64743809E+00    0.53247124E-02
    0.64742171E+00   -0.24893605E-02
    0.64744311E+00   -0.10312500E-01
    0.64750244E+00   -0.18149254E-01
    0.64759989E+00   -0.26004204E-01
    0.64773563E+00   -0.33881984E-01
    0.64790984E+00   -0.41787293E-01
    0.64812274E+00   -0.49724914E-01
    0.64837476E+00   -0.57699696E-01
    0.64866643E+00   -0.65716574E-01
    0.64899827E+00   -0.73780598E-01
    0.64937087E+00   -0.81896953E-01
    0.64978483E+00   -0.90070972E-01
    0.65024120E+00   -0.98308036E-01
    0.65074197E+00   -0.10661341E+00
    0.65128924E+00   -0.11499240E+00
    0.65188517E+00   -0.12345046E+00
    0.65253193E+00   -0.13199313E+00
    0.65323259E+00   -0.14062580E+00
    0.65399136E+00   -0.14935343E+00
    0.65481258E+00   -0.15818100E+00
    0.65570057E+00   -0.16711350E+00
    0.65665982E+00   -0.17615593E+00
    0.65769643E+00   -0.18531248E+00
    0.65881745E+00   -0.19458678E+00
    0.66002988E+00   -0.20398230E+00
    0.66134068E+00   -0.21350245E+00
    0.66275748E+00   -0.22315009E+00
    0.66428886E+00   -0.23292730E+00
    0.66594335E+00   -0.24283590E+00
    0.66772948E+00   -0.25287751E+00
    0.66965686E+00   -0.26305268E+00
    0.67173592E+00   -0.27336090E+00
    0.67397690E+00   -0.28380137E+00
    0.67639082E+00   -0.29437212E+00
    0.67899109E+00   -0.30506838E+00
    0.68179104E+00   -0.31588444E+00
    0.68480487E+00   -0.32681264E+00
    0.68805014E+00   -0.33784054E+00
    0.69154411E+00   -0.34895392E+00
    0.69530520E+00   -0.36013512E+00
    0.69935513E+00   -0.37135986E+00
    0.70371473E+00   -0.38260128E+00
    0.70840707E+00   -0.39382570E+00
    0.71345596E+00   -0.40499334E+00
    0.71888466E+00   -0.41605936E+00
    0.72471690E+00   -0.42697139E+00
    0.73097390E+00   -0.43767305E+00
    0.73767546E+00   -0.44810165E+00
    0.74483736E+00   -0.45819157E+00
    0.75246918E+00   -0.46787808E+00
    0.76057486E+00   -0.47709690E+00
    0.76915048E+00   -0.48578921E+00
    0.77818643E+00   -0.49389905E+00
    0.78766444E+00   -0.50138094E+00
    0.79756131E+00   -0.50819437E+00
    0.80784820E+00   -0.51430713E+00
    0.81849215E+00   -0.51969409E+00
    0.82945589E+00   -0.52433966E+00
    0.84070082E+00   -0.52823218E+00
    0.85218684E+00   -0.53136547E+00
    0.86387370E+00   -0.53373589E+00
    0.87572100E+00   -0.53534285E+00
    0.88768768E+00   -0.53619192E+00
    0.89973264E+00   -0.53629444E+00
    0.91181574E+00   -0.53566485E+00
    0.92389793E+00   -0.53432141E+00
    0.93594052E+00   -0.53229229E+00
    0.94790528E+00   -0.52962230E+00
    0.95975838E+00   -0.52635188E+00
    0.97147005E+00   -0.52251431E+00
    0.98301244E+00   -0.51815434E+00
    0.99436078E+00   -0.51332775E+00
    0.10054948E+01   -0.50808462E+00
    0.10163983E+01   -0.50247136E+00
    0.10270583E+01   -0.49653644E+00
    0.10374657E+01   -0.49032664E+00
    0.10476144E+01   -0.48388130E+00
    0.10575010E+01   -0.47723839E+00
    0.10671247E+01   -0.47043603E+00
    0.10764871E+01   -0.46350704E+00
    0.10855904E+01   -0.45647275E+00
    0.10944380E+01   -0.44935330E+00
    0.11030346E+01   -0.44216939E+00
    0.11113857E+01   -0.43493833E+00
    0.11194966E+01   -0.42767168E+00
    0.11273731E+01   -0.42038052E+00
    0.11350219E+01   -0.41307632E+00
    0.11424495E+01   -0.40576862E+00
    0.11496608E+01   -0.39845886E+00
    0.11566597E+01   -0.39114668E+00
    0.11634509E+01   -0.38383498E+00
    0.11700401E+01   -0.37652821E+00
    0.11764321E+01   -0.36922932E+00
    0.11826312E+01   -0.36193948E+00
    0.11886418E+01   -0.35465995E+00
    0.11944683E+01   -0.34739271E+00
    0.12001153E+01   -0.34013993E+00
    0.12055872E+01   -0.33290320E+00
    0.12108878E+01   -0.32568317E+00
    0.12160207E+01   -0.31848042E+00
    0.12209900E+01   -0.31129625E+00
    0.12258004E+01   -0.30413294E+00
    0.12304567E+01   -0.29699275E+00
    0.12349639E+01   -0.28987813E+00
    0.12393276E+01   -0.28279168E+00
    0.12435532E+01   -0.27573577E+00
    0.12476458E+01   -0.26871179E+00
    0.12516096E+01   -0.26172006E+00
    0.12554487E+01   -0.25476082E+00
    0.12591678E+01   -0.24783449E+00
    0.12627718E+01   -0.24094205E+00
    0.12662661E+01   -0.23408455E+00
    0.12696562E+01   -0.22726275E+00
    0.12729468E+01   -0.22047650E+00
    0.12761421E+01   -0.21372518E+00
    0.12792464E+01   -0.20700809E+00
    0.12822639E+01   -0.20032427E+00
    0.12851978E+01   -0.19367195E+00
    0.12880508E+01   -0.18704910E+00
    0.12908257E+01   -0.18045372E+00
    0.12935251E+01   -0.17388366E+00
    0.12961503E+01   -0.16733616E+00
    0.12987023E+01   -0.16080839E+00
    0.13011824E+01   -0.15429768E+00
    0.13035912E+01   -0.14780144E+00
    0.13059293E+01   -0.14131692E+00
    0.13081963E+01   -0.13484131E+00
    0.13103920E+01   -0.12837195E+00
    0.13125160E+01   -0.12190634E+00
    0.13145674E+01   -0.11544196E+00
    0.13165440E+01   -0.10897606E+00
    0.13184436E+01   -0.10250608E+00
    0.13202635E+01   -0.96029784E-01
    0.13220013E+01   -0.89545207E-01
    0.13236543E+01   -0.83050660E-01
    0.13252197E+01   -0.76544724E-01
    0.13266946E+01   -0.70026245E-01
    0.13280762E+01   -0.63494334E-01
    0.13293613E+01   -0.56948376E-01
    0.13305470E+01   -0.50388014E-01
    0.13316298E+01   -0.43813139E-01
    0.13326064E+01   -0.37223909E-01
    0.13334733E+01   -0.30620764E-01
    0.13342270E+01   -0.24004429E-01
    0.13348642E+01   -0.17375928E-01
    0.13353827E+01   -0.10736635E-01
    0.13357812E+01   -0.40881195E-02
    0.13360581E+01    0.25679436E-02
    0.13362121E+01    0.92297656E-02
  129    8
    3    0
    0.00000000E+00
    0.78125000E-02
    0.15625000E-01
    0.23437500E-01
    0.31250000E-01
    0.39062500E-01
    0.46875000E-01
    0.54687500E-01
    0.62500000E-01
    0.70312500E-01
    0.78125000E-01
    0.85937500E-01
    0.93750000E-01
    0.10156250E+00
    0.10937500E+00
    0.11718750E+00
    0.12500000E+00
    0.13281250E+00
    0.14062500E+00
    0.14843750E+00
    0.15625000E+00
    0.16406250E+00
    0.17187500E+00
    0.17968750E+00
    0.18750000E+00
    0.19531250E+00
    0.20312500E+00
    0.21093750E+00
    0.21875000E+00
    0.22656250E+00
    0.23437500E+00
    0.24218750E+00
    0.25000000E+00
    0.25781250E+00
    0.26562500E+00
    0.27343750E+00
    0.28125000E+00
    0.28906250E+00
    0.29687500E+00
    0.30468750E+00
    0.31250000E+00
    0.32031250E+00
    0.32812500E+00
    0.33593750E+00
    0.34375000E+00
    0.35156250E+00
    0.35937500E+00
    0.36718750E+00
    0.37500000E+00
    0.38281250E+00
    0.39062500E+00
    0.39843750E+00
    0.40625000E+00
    0.41406250E+00
    0.42187500E+00
    0.42968750E+00
    0.43750000E+00
    0.44531250E+00
    0.45312500E+00
    0.46093750E+00
    0.46875000E+00
    0.47656250E+00
    0.48437500E+00
    0.49218750E+00
    0.50000000E+00
    0.50781250E+00
    0.51562500E+00
    0.52343750E+00
    0.53125000E+00
    0.53906250E+00
    0.54687500E+00
    0.55468750E+00
    0.56250000E+00
    0.57031250E+00
    0.57812500E+00
    0.58593750E+00
    0.59375000E+00
    0.60156250E+00
    0.60937500E+00
    0.61718750E+00
    0.62500000E+00
    0.63281250E+00
    0.64062500E+00
    0.64843750E+00
    0.65625000E+00
    0.66406250E+00
    0.67187500E+00
    0.67968750E+00
    0.68750000E+00
    0.69531250E+00
    0.70312500E+00
    0.71093750E+00
    0.71875000E+00
    0.72656250E+00
    0.73437500E+00
    0.74218750E+00
    0.75000000E+00
    0.75781250E+00
    0.76562500E+00
    0.77343750E+00
    0.78125000E+00
    0.78906250E+00
    0.79687500E+00
    0.80468750E+00
    0.81250000E+00
    0.82031250E+00
    0.82812500E+00
    0.83593750E+00
    0.84375000E+00
    0.85156250E+00
    0.85937500E+00
    0.86718750E+00
    0.87500000E+00
    0.88281250E+00
    0.89062500E+00
    0.89843750E+00
    0.90625000E+00
    0.91406250E+00
    0.92187500E+00
    0.92968750E+00
    0.93750000E+00
    0.94531250E+00
    0.95312500E+00
    0.96093750E+00
    0.96875000E+00
    0.97656250E+00
    0.98437500E+00
    0.99218750E+00
    0.10000000E+01
    0.24434545E-01
    0.24434655E-01
    0.24435512E-01
    0.24436932E-01
    0.24438735E-01
    0.24440891E-01
    0.24443190E-01
    0.24445482E-01
    0.24447545E-01
    0.24449148E-01
    0.24450030E-01
    0.24449913E-01
    0.24448498E-01
    0.24445474E-01
    0.24440518E-01
    0.24433296E-01
    0.24423474E-01
    0.24410711E-01
    0.24394672E-01
    0.24375024E-01
    0.24351445E-01
    0.24323621E-01
    0.24291252E-01
    0.24254057E-01
    0.24211771E-01
    0.24164151E-01
    0.24110975E-01
    0.24052047E-01
    0.23987196E-01
    0.23916278E-01
    0.23839175E-01
    0.23755798E-01
    0.23666087E-01
    0.23570008E-01
    0.23467557E-01
    0.23358756E-01
    0.23243655E-01
    0.23122330E-01
    0.22994881E-01
    0.22861433E-01
    0.22722133E-01
    0.22577149E-01
    0.22426671E-01
    0.22270904E-01
    0.22110071E-01
    0.21944411E-01
    0.21774176E-01
    0.21599628E-01
    0.21421041E-01
    0.21238698E-01
    0.21052885E-01
    0.20863897E-01
    0.20672032E-01
    0.20477585E-01
    0.20280858E-01
    0.20082146E-01
    0.19881743E-01
    0.19679935E-01
    0.19477003E-01
    0.19273218E-01
    0.19068837E-01
    0.18864103E-01
    0.18659240E-01
    0.18454453E-01
    0.18249918E-01
    0.18045782E-01
    0.17842153E-01
    0.17639099E-01
    0.17436634E-01
    0.17234709E-01
    0.17033204E-01
    0.16831912E-01
    0.16630583E-01
    0.16428977E-01
    0.16226876E-01
    0.16024082E-01
    0.15820414E-01
    0.15615710E-01
    0.15409822E-01
    0.15202618E-01
    0.14993982E-01
    0.14783806E-01
    0.14571999E-01
    0.14358478E-01
    0.14143170E-01
    0.13926011E-01
    0.13706946E-01
    0.13485927E-01
    0.13262912E-01
    0.13037865E-01
    0.12810757E-01
    0.12581561E-01
    0.12350256E-01
    0.12116824E-01
    0.11881251E-01
    0.11643522E-01
    0.11403630E-01
    0.11161566E-01
    0.10917322E-01
    0.10670893E-01
    0.10422275E-01
    0.10171460E-01
    0.99184455E-02
    0.96632230E-02
    0.94057850E-02
    0.91461208E-02
    0.88842163E-02
    0.86200530E-02
    0.83536063E-02
    0.80848436E-02
    0.78137218E-02
    0.75401849E-02
    0.72641595E-02
    0.69855497E-02
    0.67042318E-02
    0.64200439E-02
    0.61327803E-02
    0.58421612E-02
    0.55478680E-02
    0.52493523E-02
    0.49463106E-02
    0.46371873E-02
    0.43229358E-02
    0.39949484E-02
    0.36314701E-02
    0.32200359E-02
    0.24395782E-02
    0.12135430E-02
    0.00000000E+00
    0.24549473E+01
    0.24545768E+01
    0.24534048E+01
    0.24514412E+01
    0.24486971E+01
    0.24451830E+01
    0.24409091E+01
    0.24358848E+01
    0.24301188E+01
    0.24236203E+01
    0.24164038E+01
    0.24084845E+01
    0.23998783E+01
    0.23906019E+01
    0.23806722E+01
    0.23701070E+01
    0.23589253E+01
    0.23471463E+01
    0.23347891E+01
    0.23218732E+01
    0.23084180E+01
    0.22944422E+01
    0.22799635E+01
    0.22650012E+01
    0.22495729E+01
    0.22336964E+01
    0.22173894E+01
    0.22006652E+01
    0.21835365E+01
    0.21660204E+01
    0.21481309E+01
    0.21298801E+01
    0.21112772E+01
    0.20923305E+01
    0.20730517E+01
    0.20534509E+01
    0.20335336E+01
    0.20133040E+01
    0.19927707E+01
    0.19719390E+01
    0.19508114E+01
    0.19293929E+01
    0.19076872E+01
    0.18856955E+01
    0.18634231E+01
    0.18408716E+01
    0.18180433E+01
    0.17949431E+01
    0.17715721E+01
    0.17479365E+01
    0.17240408E+01
    0.16998905E+01
    0.16754936E+01
    0.16508596E+01
    0.16259992E+01
    0.16009268E+01
    0.15756587E+01
    0.15502152E+01
    0.15246208E+01
    0.14989046E+01
    0.14731016E+01
    0.14472536E+01
    0.14214099E+01
    0.13956296E+01
    0.13699827E+01
    0.13445524E+01
    0.13194367E+01
    0.12947524E+01
    0.12706380E+01
    0.12472572E+01
    0.12248047E+01
    0.12034639E+01
    0.11831841E+01
    0.11638373E+01
    0.11453069E+01
    0.11274857E+01
    0.11102760E+01
    0.10935896E+01
    0.10773460E+01
    0.10614729E+01
    0.10459052E+01
    0.10305840E+01
    0.10154569E+01
    0.10004771E+01
    0.98560240E+00
    0.97079580E+00
    0.95602415E+00
    0.94125816E+00
    0.92647203E+00
    0.91164298E+00
    0.89675070E+00
    0.88177766E+00
    0.86670806E+00
    0.85152817E+00
    0.83622582E+00
    0.82078988E+00
    0.80521088E+00
    0.78947963E+00
    0.77358808E+00
    0.75752913E+00
    0.74129520E+00
    0.72487994E+00
    0.70827661E+00
    0.69147767E+00
    0.67447562E+00
    0.65726164E+00
    0.63982539E+00
    0.62215572E+00
    0.60423879E+00
    0.58605778E+00
    0.56759208E+00
    0.54881611E+00
    0.52969737E+00
    0.51019486E+00
    0.49025635E+00
    0.46981556E+00
    0.44878769E+00
    0.42706302E+00
    0.40449939E+00
    0.38091229E+00
    0.35606125E+00
    0.32962753E+00
    0.30162875E+00
    0.27936321E+00
    0.27649604E+00
    0.31136030E+00
    0.49110975E+00
    0.53581656E+00
    0.79030132E-01
    0.14302080E-02
    0.25856256E-02
    0.53921153E-02
    0.42784746E-02
    0.41235536E-02
    0.37019939E-02
    0.31705570E-02
    0.25958782E-02
    0.19167973E-02
    0.11728200E-02
    0.35241411E-03
   -0.53228751E-03
   -0.14787274E-02
   -0.24798874E-02
   -0.35302808E-02
   -0.46234165E-02
   -0.57530287E-02
   -0.69126518E-02
   -0.80957443E-02
   -0.92958817E-02
   -0.10506528E-01
   -0.11721432E-01
   -0.12934397E-01
   -0.14139457E-01
   -0.15330833E-01
   -0.16503063E-01
   -0.17650977E-01
   -0.18769700E-01
   -0.19854710E-01
   -0.20901868E-01
   -0.21907418E-01
   -0.22867891E-01
   -0.23780376E-01
   -0.24642184E-01
   -0.25451117E-01
   -0.26205365E-01
   -0.26903383E-01
   -0.27544140E-01
   -0.28126856E-01
   -0.28651083E-01
   -0.29116706E-01
   -0.29523944E-01
   -0.29873263E-01
   -0.30165292E-01
   -0.30401084E-01
   -0.30581765E-01
   -0.30708658E-01
   -0.30783356E-01
   -0.30807503E-01
   -0.30782969E-01
   -0.30711707E-01
   -0.30595754E-01
   -0.30437347E-01
   -0.30238733E-01
   -0.30002266E-01
   -0.29730449E-01
   -0.29425796E-01
   -0.29091016E-01
   -0.28728883E-01
   -0.28342271E-01
   -0.27934281E-01
   -0.27508188E-01
   -0.27067499E-01
   -0.26615959E-01
   -0.26157724E-01
   -0.25697335E-01
   -0.25239812E-01
   -0.24790872E-01
   -0.24356912E-01
   -0.23945245E-01
   -0.23564756E-01
   -0.23222412E-01
   -0.22918189E-01
   -0.22647940E-01
   -0.22407996E-01
   -0.22195130E-01
   -0.22006332E-01
   -0.21838927E-01
   -0.21690417E-01
   -0.21558592E-01
   -0.21441478E-01
   -0.21337273E-01
   -0.21244383E-01
   -0.21161371E-01
   -0.21086952E-01
   -0.21020018E-01
   -0.20959575E-01
   -0.20904729E-01
   -0.20854717E-01
   -0.20808848E-01
   -0.20766543E-01
   -0.20727299E-01
   -0.20690647E-01
   -0.20656228E-01
   -0.20623724E-01
   -0.20592846E-01
   -0.20563384E-01
   -0.20535159E-01
   -0.20508022E-01
   -0.20481891E-01
   -0.20456699E-01
   -0.20432437E-01
   -0.20409126E-01
   -0.20386840E-01
   -0.20365716E-01
   -0.20345937E-01
   -0.20327775E-01
   -0.20311587E-01
   -0.20297844E-01
   -0.20287156E-01
   -0.20280313E-01
   -0.20278317E-01
   -0.20282488E-01
   -0.20294404E-01
   -0.20316422E-01
   -0.20350566E-01
   -0.20402265E-01
   -0.20470735E-01
   -0.20575016E-01
   -0.20692131E-01
   -0.20888546E-01
   -0.21120836E-01
   -0.21237318E-01
   -0.23294762E-01
   -0.23698786E-01
   -0.35470200E-01
   -0.68361596E-01
   -0.81952081E-01
   -0.75980953E-01
