    0.34721732E+00
    0.44673733E-01
    0.00000000E+00
  107
    0.64742284E+00    0.00000000E+00
    0.64817716E+00    0.47675415E-01
    0.65009860E+00    0.92155706E-01
    0.65284834E+00    0.13270422E+00
    0.65661800E+00    0.17325273E+00
    0.66154075E+00    0.21380124E+00
    0.66710618E+00    0.25066352E+00
    0.67363518E+00    0.28718685E+00
    0.68041102E+00    0.32070186E+00
    0.68768264E+00    0.35387791E+00
    0.69527823E+00    0.38705397E+00
    0.70300980E+00    0.42062962E+00
    0.71084304E+00    0.45584838E+00
    0.71792480E+00    0.49026836E+00
    0.72455120E+00    0.52696154E+00
    0.73012306E+00    0.56399292E+00
    0.73478387E+00    0.60085520E+00
    0.73990960E+00    0.64140372E+00
    0.74537598E+00    0.67826600E+00
    0.74678643E+00    0.68783090E+00
    0.77155061E+00    0.68243996E+00
    0.79309201E+00    0.67649853E+00
    0.81463341E+00    0.66892499E+00
    0.83550846E+00    0.65983486E+00
    0.85575789E+00    0.64946206E+00
    0.87534097E+00    0.63804552E+00
    0.89311769E+00    0.62665880E+00
    0.91254884E+00    0.61328121E+00
    0.93017362E+00    0.60041610E+00
    0.94887982E+00    0.58611029E+00
    0.96738149E+00    0.57139693E+00
    0.98500627E+00    0.55688874E+00
    0.10026310E+01    0.54194966E+00
    0.10196511E+01    0.52713064E+00
    0.10362195E+01    0.51238573E+00
    0.10535471E+01    0.49661162E+00
    0.10711719E+01    0.48021138E+00
    0.10877379E+01    0.46446476E+00
    0.11044631E+01    0.44823805E+00
    0.11215080E+01    0.43128871E+00
    0.11377543E+01    0.41472768E+00
    0.11535781E+01    0.39811265E+00
    0.11705090E+01    0.37968151E+00
    0.11867101E+01    0.36125037E+00
    0.12021142E+01    0.34281923E+00
    0.12166581E+01    0.32438809E+00
    0.12317532E+01    0.30390625E+00
    0.12454613E+01    0.28380667E+00
    0.12592975E+01    0.26172221E+00
    0.12728777E+01    0.23778870E+00
    0.12851235E+01    0.21380124E+00
    0.12968562E+01    0.18799764E+00
    0.13081272E+01    0.15959278E+00
    0.13179188E+01    0.13039280E+00
    0.13261746E+01    0.99528163E-01
    0.13329347E+01    0.62665880E-01
    0.13361556E+01    0.22117370E-01
    0.13344205E+01   -0.22117370E-01
    0.13289733E+01   -0.58979652E-01
    0.13213120E+01   -0.92155706E-01
    0.13120438E+01   -0.12336263E+00
    0.13022523E+01   -0.15143418E+00
    0.12907544E+01   -0.18062518E+00
    0.12795107E+01   -0.20642878E+00
    0.12671949E+01   -0.23223238E+00
    0.12552529E+01   -0.25512046E+00
    0.12415447E+01   -0.27911377E+00
    0.12278366E+01   -0.30103615E+00
    0.12141284E+01   -0.32116086E+00
    0.11984619E+01   -0.34228548E+00
    0.11832078E+01   -0.36125037E+00
    0.11672201E+01   -0.37968151E+00
    0.11514625E+01   -0.39659759E+00
    0.11352474E+01   -0.41285756E+00
    0.11181713E+01   -0.42887570E+00
    0.11005465E+01   -0.44427553E+00
    0.10829217E+01   -0.45856548E+00
    0.10651794E+01   -0.47183722E+00
    0.10457138E+01   -0.48511739E+00
    0.10261308E+01   -0.49707007E+00
    0.10065477E+01   -0.50756312E+00
    0.98696458E+00   -0.51653331E+00
    0.96542318E+00   -0.52457065E+00
    0.94290045E+00   -0.53081687E+00
    0.92038208E+00   -0.53478511E+00
    0.89492406E+00   -0.53634227E+00
    0.86946605E+00   -0.53459191E+00
    0.84792465E+00   -0.53029845E+00
    0.82638326E+00   -0.52312553E+00
    0.80484186E+00   -0.51261707E+00
    0.78721708E+00   -0.50104969E+00
    0.76959230E+00   -0.48620976E+00
    0.75269647E+00   -0.46815099E+00
    0.73825936E+00   -0.44896342E+00
    0.72455120E+00   -0.42667433E+00
    0.71197026E+00   -0.40179888E+00
    0.70105150E+00   -0.37583229E+00
    0.69075422E+00   -0.34650546E+00
    0.68146841E+00   -0.31467220E+00
    0.67363518E+00   -0.28225037E+00
    0.66666641E+00   -0.24697729E+00
    0.66086457E+00   -0.21011501E+00
    0.65601040E+00   -0.17009845E+00
    0.65230153E+00   -0.12901799E+00
    0.64970068E+00   -0.88469478E-01
    0.64797144E+00   -0.44234739E-01
    0.64742284E+00    0.00000000E+00
  513    4
    1    0
    0.00000000E+00
    0.44194174E-01
    0.62500000E-01
    0.76546554E-01
    0.88388348E-01
    0.98821177E-01
    0.10825318E+00
    0.11692679E+00
    0.12500000E+00
    0.13258252E+00
    0.13975425E+00
    0.14657549E+00
    0.15309311E+00
    0.15934436E+00
    0.16535946E+00
    0.17116330E+00
    0.17677670E+00
    0.18221725E+00
    0.18750000E+00
    0.19263794E+00
    0.19764235E+00
    0.20252315E+00
    0.20728905E+00
    0.21194781E+00
    0.21650635E+00
    0.22097087E+00
    0.22534695E+00
    0.22963966E+00
    0.23385359E+00
    0.23799291E+00
    0.24206146E+00
    0.24606275E+00
    0.25000000E+00
    0.25387620E+00
    0.25769410E+00
    0.26145626E+00
    0.26516504E+00
    0.26882266E+00
    0.27243118E+00
    0.27599253E+00
    0.27950850E+00
    0.28298079E+00
    0.28641098E+00
    0.28980058E+00
    0.29315098E+00
    0.29646353E+00
    0.29973947E+00
    0.30297999E+00
    0.30618622E+00
    0.30935922E+00
    0.31250000E+00
    0.31560953E+00
    0.31868872E+00
    0.32173844E+00
    0.32475953E+00
    0.32775277E+00
    0.33071891E+00
    0.33365870E+00
    0.33657280E+00
    0.33946189E+00
    0.34232660E+00
    0.34516753E+00
    0.34798527E+00
    0.35078038E+00
    0.35355339E+00
    0.35630482E+00
    0.35903517E+00
    0.36174490E+00
    0.36443449E+00
    0.36710438E+00
    0.36975499E+00
    0.37238673E+00
    0.37500000E+00
    0.37759519E+00
    0.38017266E+00
    0.38273277E+00
    0.38527588E+00
    0.38780230E+00
    0.39031237E+00
    0.39280641E+00
    0.39528471E+00
    0.39774756E+00
    0.40019526E+00
    0.40262809E+00
    0.40504629E+00
    0.40745015E+00
    0.40983991E+00
    0.41221581E+00
    0.41457810E+00
    0.41692700E+00
    0.41926275E+00
    0.42158555E+00
    0.42389562E+00
    0.42619318E+00
    0.42847841E+00
    0.43075152E+00
    0.43301270E+00
    0.43526213E+00
    0.43750000E+00
    0.43972648E+00
    0.44194174E+00
    0.44414595E+00
    0.44633928E+00
    0.44852188E+00
    0.45069391E+00
    0.45285552E+00
    0.45500687E+00
    0.45714809E+00
    0.45927933E+00
    0.46140072E+00
    0.46351241E+00
    0.46561451E+00
    0.46770717E+00
    0.46979051E+00
    0.47186465E+00
    0.47392972E+00
    0.47598582E+00
    0.47803308E+00
    0.48007161E+00
    0.48210152E+00
    0.48412292E+00
    0.48613591E+00
    0.48814060E+00
    0.49013710E+00
    0.49212549E+00
    0.49410588E+00
    0.49607837E+00
    0.49804305E+00
    0.50000000E+00
    0.50194933E+00
    0.50389111E+00
    0.50582544E+00
    0.50775240E+00
    0.50967208E+00
    0.51158455E+00
    0.51348990E+00
    0.51538820E+00
    0.51727954E+00
    0.51916399E+00
    0.52104163E+00
    0.52291252E+00
    0.52477674E+00
    0.52663436E+00
    0.52848545E+00
    0.53033009E+00
    0.53216832E+00
    0.53400023E+00
    0.53582588E+00
    0.53764533E+00
    0.53945864E+00
    0.54126588E+00
    0.54306710E+00
    0.54486237E+00
    0.54665174E+00
    0.54843527E+00
    0.55021303E+00
    0.55198505E+00
    0.55375141E+00
    0.55551215E+00
    0.55726733E+00
    0.55901699E+00
    0.56076120E+00
    0.56250000E+00
    0.56423344E+00
    0.56596157E+00
    0.56768444E+00
    0.56940210E+00
    0.57111459E+00
    0.57282196E+00
    0.57452426E+00
    0.57622153E+00
    0.57791381E+00
    0.57960116E+00
    0.58128360E+00
    0.58296119E+00
    0.58463397E+00
    0.58630197E+00
    0.58796524E+00
    0.58962382E+00
    0.59127775E+00
    0.59292706E+00
    0.59457180E+00
    0.59621200E+00
    0.59784770E+00
    0.59947894E+00
    0.60110575E+00
    0.60272817E+00
    0.60434624E+00
    0.60595998E+00
    0.60756944E+00
    0.60917465E+00
    0.61077563E+00
    0.61237244E+00
    0.61396508E+00
    0.61555361E+00
    0.61713805E+00
    0.61871843E+00
    0.62029479E+00
    0.62186715E+00
    0.62343554E+00
    0.62500000E+00
    0.62656055E+00
    0.62811723E+00
    0.62967005E+00
    0.63121906E+00
    0.63276427E+00
    0.63430572E+00
    0.63584344E+00
    0.63737744E+00
    0.63890776E+00
    0.64043442E+00
    0.64195746E+00
    0.64347688E+00
    0.64499273E+00
    0.64650503E+00
    0.64801379E+00
    0.64951905E+00
    0.65102083E+00
    0.65251916E+00
    0.65401405E+00
    0.65550553E+00
    0.65699363E+00
    0.65847836E+00
    0.65995975E+00
    0.66143783E+00
    0.66291261E+00
    0.66438411E+00
    0.66585237E+00
    0.66731739E+00
    0.66877920E+00
    0.67023783E+00
    0.67169329E+00
    0.67314560E+00
    0.67459479E+00
    0.67604086E+00
    0.67748386E+00
    0.67892378E+00
    0.68036066E+00
    0.68179451E+00
    0.68322535E+00
    0.68465320E+00
    0.68607808E+00
    0.68750000E+00
    0.68891899E+00
    0.69033506E+00
    0.69174824E+00
    0.69315853E+00
    0.69456596E+00
    0.69597055E+00
    0.69737230E+00
    0.69877124E+00
    0.70016739E+00
    0.70156076E+00
    0.70295137E+00
    0.70433923E+00
    0.70572436E+00
    0.70710678E+00
    0.70848650E+00
    0.70986354E+00
    0.71123792E+00
    0.71260964E+00
    0.71397873E+00
    0.71534520E+00
    0.71670906E+00
    0.71807033E+00
    0.71942903E+00
    0.72078516E+00
    0.72213875E+00
    0.72348981E+00
    0.72483834E+00
    0.72618438E+00
    0.72752792E+00
    0.72886899E+00
    0.73020759E+00
    0.73154374E+00
    0.73287746E+00
    0.73420876E+00
    0.73553764E+00
    0.73686413E+00
    0.73818824E+00
    0.73950997E+00
    0.74082935E+00
    0.74214638E+00
    0.74346108E+00
    0.74477346E+00
    0.74608352E+00
    0.74739130E+00
    0.74869678E+00
    0.75000000E+00
    0.75130096E+00
    0.75259966E+00
    0.75389613E+00
    0.75519037E+00
    0.75648240E+00
    0.75777223E+00
    0.75905986E+00
    0.76034532E+00
    0.76162860E+00
    0.76290973E+00
    0.76418870E+00
    0.76546554E+00
    0.76674026E+00
    0.76801286E+00
    0.76928335E+00
    0.77055175E+00
    0.77181806E+00
    0.77308230E+00
    0.77434448E+00
    0.77560460E+00
    0.77686268E+00
    0.77811872E+00
    0.77937274E+00
    0.78062475E+00
    0.78187475E+00
    0.78312276E+00
    0.78436877E+00
    0.78561282E+00
    0.78685489E+00
    0.78809501E+00
    0.78933318E+00
    0.79056942E+00
    0.79180372E+00
    0.79303610E+00
    0.79426656E+00
    0.79549513E+00
    0.79672180E+00
    0.79794658E+00
    0.79916949E+00
    0.80039053E+00
    0.80160971E+00
    0.80282704E+00
    0.80404252E+00
    0.80525617E+00
    0.80646799E+00
    0.80767800E+00
    0.80888619E+00
    0.81009259E+00
    0.81129719E+00
    0.81250000E+00
    0.81370104E+00
    0.81490030E+00
    0.81609780E+00
    0.81729355E+00
    0.81848755E+00
    0.81967982E+00
    0.82087035E+00
    0.82205915E+00
    0.82324624E+00
    0.82443162E+00
    0.82561530E+00
    0.82679728E+00
    0.82797758E+00
    0.82915620E+00
    0.83033314E+00
    0.83150842E+00
    0.83268204E+00
    0.83385400E+00
    0.83502433E+00
    0.83619301E+00
    0.83736006E+00
    0.83852549E+00
    0.83968930E+00
    0.84085150E+00
    0.84201210E+00
    0.84317110E+00
    0.84432851E+00
    0.84548433E+00
    0.84663857E+00
    0.84779125E+00
    0.84894236E+00
    0.85009191E+00
    0.85123990E+00
    0.85238636E+00
    0.85353127E+00
    0.85467465E+00
    0.85581650E+00
    0.85695683E+00
    0.85809564E+00
    0.85923294E+00
    0.86036874E+00
    0.86150305E+00
    0.86263586E+00
    0.86376719E+00
    0.86489703E+00
    0.86602540E+00
    0.86715231E+00
    0.86827775E+00
    0.86940173E+00
    0.87052427E+00
    0.87164536E+00
    0.87276500E+00
    0.87388322E+00
    0.87500000E+00
    0.87611536E+00
    0.87722930E+00
    0.87834183E+00
    0.87945295E+00
    0.88056268E+00
    0.88167100E+00
    0.88277793E+00
    0.88388348E+00
    0.88498764E+00
    0.88609043E+00
    0.88719185E+00
    0.88829190E+00
    0.88939059E+00
    0.89048793E+00
    0.89158391E+00
    0.89267855E+00
    0.89377185E+00
    0.89486382E+00
    0.89595445E+00
    0.89704376E+00
    0.89813174E+00
    0.89921841E+00
    0.90030377E+00
    0.90138782E+00
    0.90247057E+00
    0.90355202E+00
    0.90463218E+00
    0.90571105E+00
    0.90678863E+00
    0.90786494E+00
    0.90893997E+00
    0.91001374E+00
    0.91108623E+00
    0.91215747E+00
    0.91322745E+00
    0.91429618E+00
    0.91536366E+00
    0.91642989E+00
    0.91749489E+00
    0.91855865E+00
    0.91962119E+00
    0.92068249E+00
    0.92174258E+00
    0.92280144E+00
    0.92385909E+00
    0.92491554E+00
    0.92597077E+00
    0.92702481E+00
    0.92807765E+00
    0.92912930E+00
    0.93017975E+00
    0.93122903E+00
    0.93227712E+00
    0.93332403E+00
    0.93436977E+00
    0.93541435E+00
    0.93645775E+00
    0.93750000E+00
    0.93854109E+00
    0.93958102E+00
    0.94061981E+00
    0.94165745E+00
    0.94269395E+00
    0.94372930E+00
    0.94476353E+00
    0.94579662E+00
    0.94682859E+00
    0.94785943E+00
    0.94888915E+00
    0.94991776E+00
    0.95094525E+00
    0.95197164E+00
    0.95299692E+00
    0.95402110E+00
    0.95504417E+00
    0.95606616E+00
    0.95708705E+00
    0.95810686E+00
    0.95912558E+00
    0.96014322E+00
    0.96115978E+00
    0.96217527E+00
    0.96318969E+00
    0.96420304E+00
    0.96521533E+00
    0.96622655E+00
    0.96723672E+00
    0.96824584E+00
    0.96925390E+00
    0.97026092E+00
    0.97126689E+00
    0.97227182E+00
    0.97327572E+00
    0.97427858E+00
    0.97528041E+00
    0.97628121E+00
    0.97728099E+00
    0.97827974E+00
    0.97927748E+00
    0.98027420E+00
    0.98126990E+00
    0.98226460E+00
    0.98325830E+00
    0.98425098E+00
    0.98524267E+00
    0.98623336E+00
    0.98722306E+00
    0.98821177E+00
    0.98919949E+00
    0.99018622E+00
    0.99117197E+00
    0.99215674E+00
    0.99314054E+00
    0.99412336E+00
    0.99510521E+00
    0.99608609E+00
    0.99706601E+00
    0.99804496E+00
    0.99902296E+00
    0.10000000E+01
    0.89855262E-01
    0.62182646E-01
    0.35467238E-01
    0.96795598E-02
   -0.15208962E-01
   -0.39226020E-01
   -0.62398459E-01
   -0.84752297E-01
   -0.10631275E+00
   -0.12710427E+00
   -0.14715054E+00
   -0.16647452E+00
   -0.18509849E+00
   -0.20304401E+00
   -0.22033200E+00
   -0.23698272E+00
   -0.25301584E+00
   -0.26845038E+00
   -0.28330482E+00
   -0.29759705E+00
   -0.31134442E+00
   -0.32456373E+00
   -0.33727128E+00
   -0.34948288E+00
   -0.36121383E+00
   -0.37247898E+00
   -0.38329272E+00
   -0.39366900E+00
   -0.40362133E+00
   -0.41316283E+00
   -0.42230620E+00
   -0.43106376E+00
   -0.43944744E+00
   -0.44746882E+00
   -0.45513913E+00
   -0.46246923E+00
   -0.46946969E+00
   -0.47615071E+00
   -0.48252222E+00
   -0.48859381E+00
   -0.49437482E+00
   -0.49987427E+00
   -0.50510091E+00
   -0.51006325E+00
   -0.51476952E+00
   -0.51922769E+00
   -0.52344551E+00
   -0.52743048E+00
   -0.53118989E+00
   -0.53473079E+00
   -0.53806003E+00
   -0.54118425E+00
   -0.54410988E+00
   -0.54684317E+00
   -0.54939017E+00
   -0.55175676E+00
   -0.55394864E+00
   -0.55597134E+00
   -0.55783021E+00
   -0.55953047E+00
   -0.56107715E+00
   -0.56247516E+00
   -0.56372925E+00
   -0.56484402E+00
   -0.56582396E+00
   -0.56667341E+00
   -0.56739659E+00
   -0.56799758E+00
   -0.56848037E+00
   -0.56884881E+00
   -0.56910664E+00
   -0.56925752E+00
   -0.56930496E+00
   -0.56925241E+00
   -0.56910320E+00
   -0.56886057E+00
   -0.56852767E+00
   -0.56810757E+00
   -0.56760324E+00
   -0.56701757E+00
   -0.56635338E+00
   -0.56561341E+00
   -0.56480032E+00
   -0.56391670E+00
   -0.56296509E+00
   -0.56194793E+00
   -0.56086762E+00
   -0.55972649E+00
   -0.55852682E+00
   -0.55727082E+00
   -0.55596064E+00
   -0.55459841E+00
   -0.55318617E+00
   -0.55172593E+00
   -0.55021965E+00
   -0.54866925E+00
   -0.54707661E+00
   -0.54544354E+00
   -0.54377185E+00
   -0.54206329E+00
   -0.54031958E+00
   -0.53854240E+00
   -0.53673340E+00
   -0.53489420E+00
   -0.53302640E+00
   -0.53113156E+00
   -0.52921120E+00
   -0.52726686E+00
   -0.52530000E+00
   -0.52331210E+00
   -0.52130461E+00
   -0.51927895E+00
   -0.51723653E+00
   -0.51517873E+00
   -0.51310695E+00
   -0.51102254E+00
   -0.50892685E+00
   -0.50682123E+00
   -0.50470700E+00
   -0.50258548E+00
   -0.50045800E+00
   -0.49832586E+00
   -0.49619036E+00
   -0.49405281E+00
   -0.49191450E+00
   -0.48977674E+00
   -0.48764083E+00
   -0.48550805E+00
   -0.48337973E+00
   -0.48125716E+00
   -0.47914167E+00
   -0.47703456E+00
   -0.47493718E+00
   -0.47285085E+00
   -0.47077694E+00
   -0.46871679E+00
   -0.46667179E+00
   -0.46464332E+00
   -0.46263280E+00
   -0.46064164E+00
   -0.45867128E+00
   -0.45672320E+00
   -0.45479887E+00
   -0.45289980E+00
   -0.45102752E+00
   -0.44918360E+00
   -0.44736961E+00
   -0.44558718E+00
   -0.44383795E+00
   -0.44212359E+00
   -0.44044582E+00
   -0.43880640E+00
   -0.43720710E+00
   -0.43564975E+00
   -0.43413618E+00
   -0.43266689E+00
   -0.43124063E+00
   -0.42985608E+00
   -0.42851195E+00
   -0.42720700E+00
   -0.42594003E+00
   -0.42470987E+00
   -0.42351538E+00
   -0.42235547E+00
   -0.42122908E+00
   -0.42013517E+00
   -0.41907274E+00
   -0.41804082E+00
   -0.41703849E+00
   -0.41606482E+00
   -0.41511893E+00
   -0.41419998E+00
   -0.41330713E+00
   -0.41243957E+00
   -0.41159654E+00
   -0.41077727E+00
   -0.40998104E+00
   -0.40920714E+00
   -0.40845488E+00
   -0.40772359E+00
   -0.40701263E+00
   -0.40632138E+00
   -0.40564922E+00
   -0.40499558E+00
   -0.40435987E+00
   -0.40374156E+00
   -0.40314010E+00
   -0.40255498E+00
   -0.40198569E+00
   -0.40143176E+00
   -0.40089269E+00
   -0.40036805E+00
   -0.39985738E+00
   -0.39936026E+00
   -0.39887626E+00
   -0.39840499E+00
   -0.39794606E+00
   -0.39749908E+00
   -0.39706369E+00
   -0.39663953E+00
   -0.39622626E+00
   -0.39582354E+00
   -0.39543104E+00
   -0.39504846E+00
   -0.39467550E+00
   -0.39431184E+00
   -0.39395721E+00
   -0.39361133E+00
   -0.39327394E+00
   -0.39294476E+00
   -0.39262356E+00
   -0.39231008E+00
   -0.39200409E+00
   -0.39170535E+00
   -0.39141365E+00
   -0.39112877E+00
   -0.39085050E+00
   -0.39057864E+00
   -0.39031299E+00
   -0.39005336E+00
   -0.38979957E+00
   -0.38955143E+00
   -0.38930878E+00
   -0.38907144E+00
   -0.38883926E+00
   -0.38861207E+00
   -0.38838973E+00
   -0.38817209E+00
   -0.38795899E+00
   -0.38775031E+00
   -0.38754591E+00
   -0.38734565E+00
   -0.38714942E+00
   -0.38695708E+00
   -0.38676852E+00
   -0.38658363E+00
   -0.38640230E+00
   -0.38622440E+00
   -0.38604985E+00
   -0.38587854E+00
   -0.38571037E+00
   -0.38554524E+00
   -0.38538307E+00
   -0.38522377E+00
   -0.38506724E+00
   -0.38491341E+00
   -0.38476218E+00
   -0.38461350E+00
   -0.38446727E+00
   -0.38432343E+00
   -0.38418190E+00
   -0.38404262E+00
   -0.38390551E+00
   -0.38377051E+00
   -0.38363757E+00
   -0.38350661E+00
   -0.38337759E+00
   -0.38325044E+00
   -0.38312510E+00
   -0.38300154E+00
   -0.38287968E+00
   -0.38275949E+00
   -0.38264092E+00
   -0.38252391E+00
   -0.38240842E+00
   -0.38229442E+00
   -0.38218185E+00
   -0.38207068E+00
   -0.38196087E+00
   -0.38185238E+00
   -0.38174517E+00
   -0.38163921E+00
   -0.38153445E+00
   -0.38143088E+00
   -0.38132846E+00
   -0.38122715E+00
   -0.38112692E+00
   -0.38102776E+00
   -0.38092962E+00
   -0.38083249E+00
   -0.38073633E+00
   -0.38064113E+00
   -0.38054685E+00
   -0.38045349E+00
   -0.38036100E+00
   -0.38026938E+00
   -0.38017860E+00
   -0.38008864E+00
   -0.37999948E+00
   -0.37991111E+00
   -0.37982351E+00
   -0.37973666E+00
   -0.37965055E+00
   -0.37956516E+00
   -0.37948047E+00
   -0.37939648E+00
   -0.37931317E+00
   -0.37923053E+00
   -0.37914854E+00
   -0.37906720E+00
   -0.37898650E+00
   -0.37890642E+00
   -0.37882696E+00
   -0.37874810E+00
   -0.37866985E+00
   -0.37859219E+00
   -0.37851511E+00
   -0.37843862E+00
   -0.37836270E+00
   -0.37828734E+00
   -0.37821256E+00
   -0.37813833E+00
   -0.37806466E+00
   -0.37799154E+00
   -0.37791898E+00
   -0.37784697E+00
   -0.37777551E+00
   -0.37770459E+00
   -0.37763423E+00
   -0.37756441E+00
   -0.37749514E+00
   -0.37742643E+00
   -0.37735827E+00
   -0.37729066E+00
   -0.37722361E+00
   -0.37715713E+00
   -0.37709121E+00
   -0.37702586E+00
   -0.37696109E+00
   -0.37689690E+00
   -0.37683330E+00
   -0.37677030E+00
   -0.37670790E+00
   -0.37664611E+00
   -0.37658494E+00
   -0.37652440E+00
   -0.37646450E+00
   -0.37640525E+00
   -0.37634667E+00
   -0.37628876E+00
   -0.37623153E+00
   -0.37617500E+00
   -0.37611919E+00
   -0.37606410E+00
   -0.37600975E+00
   -0.37595617E+00
   -0.37590336E+00
   -0.37585134E+00
   -0.37580014E+00
   -0.37574977E+00
   -0.37570024E+00
   -0.37565159E+00
   -0.37560383E+00
   -0.37555699E+00
   -0.37551109E+00
   -0.37546615E+00
   -0.37542219E+00
   -0.37537926E+00
   -0.37533736E+00
   -0.37529653E+00
   -0.37525680E+00
   -0.37521821E+00
   -0.37518077E+00
   -0.37514453E+00
   -0.37510951E+00
   -0.37507575E+00
   -0.37504330E+00
   -0.37501218E+00
   -0.37498243E+00
   -0.37495410E+00
   -0.37492722E+00
   -0.37490184E+00
   -0.37487801E+00
   -0.37485576E+00
   -0.37483515E+00
   -0.37481622E+00
   -0.37479903E+00
   -0.37478363E+00
   -0.37477007E+00
   -0.37475841E+00
   -0.37474870E+00
   -0.37474101E+00
   -0.37473540E+00
   -0.37473192E+00
   -0.37473065E+00
   -0.37473166E+00
   -0.37473501E+00
   -0.37474078E+00
   -0.37474904E+00
   -0.37475986E+00
   -0.37477334E+00
   -0.37478954E+00
   -0.37480857E+00
   -0.37483049E+00
   -0.37485541E+00
   -0.37488341E+00
   -0.37491460E+00
   -0.37494907E+00
   -0.37498693E+00
   -0.37502827E+00
   -0.37507322E+00
   -0.37512189E+00
   -0.37517438E+00
   -0.37523083E+00
   -0.37529135E+00
   -0.37535608E+00
   -0.37542514E+00
   -0.37549868E+00
   -0.37557682E+00
   -0.37565973E+00
   -0.37574755E+00
   -0.37584043E+00
   -0.37593853E+00
   -0.37604203E+00
   -0.37615108E+00
   -0.37626586E+00
   -0.37638656E+00
   -0.37651337E+00
   -0.37664647E+00
   -0.37678606E+00
   -0.37693236E+00
   -0.37708557E+00
   -0.37724591E+00
   -0.37741360E+00
   -0.37758889E+00
   -0.37777200E+00
   -0.37796319E+00
   -0.37816272E+00
   -0.37837084E+00
   -0.37858783E+00
   -0.37881398E+00
   -0.37904956E+00
   -0.37929489E+00
   -0.37955026E+00
   -0.37981600E+00
   -0.38009244E+00
   -0.38037991E+00
   -0.38067877E+00
   -0.38098937E+00
   -0.38131209E+00
   -0.38164731E+00
   -0.38199544E+00
   -0.38235687E+00
   -0.38273203E+00
   -0.38312136E+00
   -0.38352530E+00
   -0.38394432E+00
   -0.38437890E+00
   -0.38482952E+00
   -0.38529671E+00
   -0.38578099E+00
   -0.38628289E+00
   -0.38680297E+00
   -0.38734183E+00
   -0.38790004E+00
   -0.38847822E+00
   -0.38907701E+00
   -0.38969706E+00
   -0.39033905E+00
   -0.39100367E+00
   -0.39169164E+00
   -0.39240376E+00
   -0.39315440E+00
   -0.39398817E+00
   -0.39495384E+00
   -0.39610032E+00
   -0.39747667E+00
   -0.39913221E+00
   -0.40111652E+00
   -0.40347948E+00
   -0.40627137E+00
   -0.40954288E+00
   -0.41334516E+00
   -0.41772987E+00
   -0.42274927E+00
   -0.42845622E+00
   -0.43490424E+00
   -0.44214760E+00
   -0.45024133E+00
   -0.45924130E+00
   -0.46920425E+00
   -0.48018787E+00
   -0.49225085E+00
   -0.50545293E+00
   -0.51985496E+00
   -0.53558691E+00
   -0.55362572E+00
   -0.57552404E+00
   -0.60284916E+00
   -0.63717369E+00
   -0.68007707E+00
   -0.73314710E+00
   -0.79798153E+00
   -0.87618959E+00
   -0.96939358E+00
   -0.10792304E+01
   -0.12073534E+01
   -0.13535360E+01
   -0.15063865E+01
   -0.16504363E+01
   -0.17702022E+01
   -0.18501775E+01
   -0.18748836E+01
   -0.18377702E+01
   -0.17501591E+01
   -0.16253245E+01
   -0.14750868E+01
   -0.13103571E+01
   -0.11404400E+01
   -0.97020846E+00
   -0.80376562E+00
   -0.64521824E+00
   -0.49868083E+00
   -0.25482639E+01
   -0.25064189E+01
   -0.24657482E+01
   -0.24262155E+01
   -0.23877860E+01
   -0.23504256E+01
   -0.23141015E+01
   -0.22787819E+01
   -0.22444358E+01
   -0.22110333E+01
   -0.21785454E+01
   -0.21469440E+01
   -0.21162017E+01
   -0.20862923E+01
   -0.20571900E+01
   -0.20288701E+01
   -0.20013086E+01
   -0.19744820E+01
   -0.19483678E+01
   -0.19229442E+01
   -0.18981898E+01
   -0.18740841E+01
   -0.18506072E+01
   -0.18277398E+01
   -0.18054631E+01
   -0.17837589E+01
   -0.17626098E+01
   -0.17419986E+01
   -0.17219088E+01
   -0.17023244E+01
   -0.16832298E+01
   -0.16646101E+01
   -0.16464507E+01
   -0.16287374E+01
   -0.16114565E+01
   -0.15945947E+01
   -0.15781393E+01
   -0.15620777E+01
   -0.15463978E+01
   -0.15310880E+01
   -0.15161369E+01
   -0.15015334E+01
   -0.14872670E+01
   -0.14733274E+01
   -0.14597044E+01
   -0.14463884E+01
   -0.14333701E+01
   -0.14206402E+01
   -0.14081901E+01
   -0.13960110E+01
   -0.13840948E+01
   -0.13724333E+01
   -0.13610189E+01
   -0.13498440E+01
   -0.13389012E+01
   -0.13281835E+01
   -0.13176840E+01
   -0.13073961E+01
   -0.12973133E+01
   -0.12874294E+01
   -0.12777384E+01
   -0.12682343E+01
   -0.12589116E+01
   -0.12497646E+01
   -0.12407882E+01
   -0.12319770E+01
   -0.12233262E+01
   -0.12148308E+01
   -0.12064862E+01
   -0.11982879E+01
   -0.11902314E+01
   -0.11823125E+01
   -0.11745270E+01
   -0.11668710E+01
   -0.11593406E+01
   -0.11519320E+01
   -0.11446416E+01
   -0.11374658E+01
   -0.11304014E+01
   -0.11234449E+01
   -0.11165933E+01
   -0.11098433E+01
   -0.11031921E+01
   -0.10966368E+01
   -0.10901744E+01
   -0.10838025E+01
   -0.10775182E+01
   -0.10713191E+01
   -0.10652028E+01
   -0.10591668E+01
   -0.10532089E+01
   -0.10473269E+01
   -0.10415186E+01
   -0.10357819E+01
   -0.10301150E+01
   -0.10245157E+01
   -0.10189824E+01
   -0.10135131E+01
   -0.10081062E+01
   -0.10027599E+01
   -0.99747266E+00
   -0.99224292E+00
   -0.98706917E+00
   -0.98194997E+00
   -0.97688391E+00
   -0.97186966E+00
   -0.96690592E+00
   -0.96199145E+00
   -0.95712507E+00
   -0.95230561E+00
   -0.94753199E+00
   -0.94280313E+00
   -0.93811805E+00
   -0.93347575E+00
   -0.92887531E+00
   -0.92431584E+00
   -0.91979651E+00
   -0.91531650E+00
   -0.91087504E+00
   -0.90647140E+00
   -0.90210488E+00
   -0.89777482E+00
   -0.89348061E+00
   -0.88922164E+00
   -0.88499738E+00
   -0.88080730E+00
   -0.87665091E+00
   -0.87252776E+00
   -0.86843743E+00
   -0.86437953E+00
   -0.86035370E+00
   -0.85635962E+00
   -0.85239698E+00
   -0.84846553E+00
   -0.84456504E+00
   -0.84069529E+00
   -0.83685612E+00
   -0.83304737E+00
   -0.82926895E+00
   -0.82552076E+00
   -0.82180274E+00
   -0.81811488E+00
   -0.81445717E+00
   -0.81082966E+00
   -0.80723239E+00
   -0.80366547E+00
   -0.80012902E+00
   -0.79662318E+00
   -0.79314815E+00
   -0.78970412E+00
   -0.78629135E+00
   -0.78291011E+00
   -0.77956070E+00
   -0.77624346E+00
   -0.77295873E+00
   -0.76970631E+00
   -0.76648525E+00
   -0.76329459E+00
   -0.76013339E+00
   -0.75700075E+00
   -0.75389578E+00
   -0.75081764E+00
   -0.74776550E+00
   -0.74473856E+00
   -0.74173604E+00
   -0.73875719E+00
   -0.73580128E+00
   -0.73286762E+00
   -0.72995550E+00
   -0.72706428E+00
   -0.72419330E+00
   -0.72134195E+00
   -0.71850961E+00
   -0.71569571E+00
   -0.71289967E+00
   -0.71012095E+00
   -0.70735901E+00
   -0.70461334E+00
   -0.70188343E+00
   -0.69916881E+00
   -0.69646899E+00
   -0.69378352E+00
   -0.69111197E+00
   -0.68845390E+00
   -0.68580890E+00
   -0.68317655E+00
   -0.68055649E+00
   -0.67794832E+00
   -0.67535168E+00
   -0.67276622E+00
   -0.67019158E+00
   -0.66762745E+00
   -0.66507348E+00
   -0.66252938E+00
   -0.65999483E+00
   -0.65746954E+00
   -0.65495322E+00
   -0.65244560E+00
   -0.64994641E+00
   -0.64745540E+00
   -0.64497230E+00
   -0.64249687E+00
   -0.64002887E+00
   -0.63756809E+00
   -0.63511429E+00
   -0.63266725E+00
   -0.63022677E+00
   -0.62779265E+00
   -0.62536469E+00
   -0.62294269E+00
   -0.62052649E+00
   -0.61811588E+00
   -0.61571071E+00
   -0.61331080E+00
   -0.61091599E+00
   -0.60852612E+00
   -0.60614104E+00
   -0.60376060E+00
   -0.60138465E+00
   -0.59901306E+00
   -0.59664569E+00
   -0.59428241E+00
   -0.59192309E+00
   -0.58956760E+00
   -0.58721584E+00
   -0.58486767E+00
   -0.58252300E+00
   -0.58018171E+00
   -0.57784368E+00
   -0.57550883E+00
   -0.57317705E+00
   -0.57084825E+00
   -0.56852233E+00
   -0.56619920E+00
   -0.56387877E+00
   -0.56156095E+00
   -0.55924567E+00
   -0.55693285E+00
   -0.55462239E+00
   -0.55231424E+00
   -0.55000831E+00
   -0.54770454E+00
   -0.54540285E+00
   -0.54310318E+00
   -0.54080546E+00
   -0.53850963E+00
   -0.53621562E+00
   -0.53392339E+00
   -0.53163287E+00
   -0.52934399E+00
   -0.52705672E+00
   -0.52477099E+00
   -0.52248676E+00
   -0.52020397E+00
   -0.51792257E+00
   -0.51564252E+00
   -0.51336377E+00
   -0.51108628E+00
   -0.50881000E+00
   -0.50653490E+00
   -0.50426091E+00
   -0.50198802E+00
   -0.49971618E+00
   -0.49744536E+00
   -0.49517550E+00
   -0.49290658E+00
   -0.49063857E+00
   -0.48837143E+00
   -0.48610512E+00
   -0.48383961E+00
   -0.48157487E+00
   -0.47931088E+00
   -0.47704759E+00
   -0.47478498E+00
   -0.47252302E+00
   -0.47026169E+00
   -0.46800094E+00
   -0.46574077E+00
   -0.46348113E+00
   -0.46122201E+00
   -0.45896337E+00
   -0.45670520E+00
   -0.45444747E+00
   -0.45219015E+00
   -0.44993322E+00
   -0.44767666E+00
   -0.44542044E+00
   -0.44316454E+00
   -0.44090893E+00
   -0.43865361E+00
   -0.43639853E+00
   -0.43414369E+00
   -0.43188906E+00
   -0.42963462E+00
   -0.42738035E+00
   -0.42512622E+00
   -0.42287222E+00
   -0.42061833E+00
   -0.41836452E+00
   -0.41611077E+00
   -0.41385707E+00
   -0.41160339E+00
   -0.40934972E+00
   -0.40709603E+00
   -0.40484230E+00
   -0.40258851E+00
   -0.40033465E+00
   -0.39808069E+00
   -0.39582660E+00
   -0.39357238E+00
   -0.39131800E+00
   -0.38906343E+00
   -0.38680866E+00
   -0.38455367E+00
   -0.38229843E+00
   -0.38004292E+00
   -0.37778712E+00
   -0.37553101E+00
   -0.37327456E+00
   -0.37101775E+00
   -0.36876056E+00
   -0.36650297E+00
   -0.36424494E+00
   -0.36198647E+00
   -0.35972751E+00
   -0.35746804E+00
   -0.35520805E+00
   -0.35294749E+00
   -0.35068636E+00
   -0.34842461E+00
   -0.34616221E+00
   -0.34389915E+00
   -0.34163539E+00
   -0.33937090E+00
   -0.33710565E+00
   -0.33483961E+00
   -0.33257275E+00
   -0.33030502E+00
   -0.32803641E+00
   -0.32576687E+00
   -0.32349636E+00
   -0.32122486E+00
   -0.31895232E+00
   -0.31667870E+00
   -0.31440397E+00
   -0.31212808E+00
   -0.30985099E+00
   -0.30757267E+00
   -0.30529305E+00
   -0.30301210E+00
   -0.30072978E+00
   -0.29844602E+00
   -0.29616079E+00
   -0.29387403E+00
   -0.29158569E+00
   -0.28929572E+00
   -0.28700405E+00
   -0.28471064E+00
   -0.28241542E+00
   -0.28011833E+00
   -0.27781931E+00
   -0.27551829E+00
   -0.27321521E+00
   -0.27091000E+00
   -0.26860259E+00
   -0.26629290E+00
   -0.26398087E+00
   -0.26166640E+00
   -0.25934943E+00
   -0.25702987E+00
   -0.25470764E+00
   -0.25238265E+00
   -0.25005480E+00
   -0.24772402E+00
   -0.24539019E+00
   -0.24305322E+00
   -0.24071302E+00
   -0.23836947E+00
   -0.23602247E+00
   -0.23367190E+00
   -0.23131765E+00
   -0.22895961E+00
   -0.22659765E+00
   -0.22423164E+00
   -0.22186145E+00
   -0.21948695E+00
   -0.21710801E+00
   -0.21472447E+00
   -0.21233620E+00
   -0.20994303E+00
   -0.20754482E+00
   -0.20514140E+00
   -0.20273260E+00
   -0.20031826E+00
   -0.19789819E+00
   -0.19547222E+00
   -0.19304015E+00
   -0.19060178E+00
   -0.18815693E+00
   -0.18570538E+00
   -0.18324692E+00
   -0.18078133E+00
   -0.17830837E+00
   -0.17582783E+00
   -0.17333944E+00
   -0.17084297E+00
   -0.16833816E+00
   -0.16582474E+00
   -0.16330244E+00
   -0.16077097E+00
   -0.15823004E+00
   -0.15567936E+00
   -0.15311861E+00
   -0.15054747E+00
   -0.14796561E+00
   -0.14537269E+00
   -0.14276836E+00
   -0.14015226E+00
   -0.13752400E+00
   -0.13488322E+00
   -0.13222949E+00
   -0.12956243E+00
   -0.12688159E+00
   -0.12418655E+00
   -0.12147686E+00
   -0.11875203E+00
   -0.11601161E+00
   -0.11325509E+00
   -0.11048195E+00
   -0.10769168E+00
   -0.10488372E+00
   -0.10205752E+00
   -0.99212498E-01
   -0.96348052E-01
   -0.93463566E-01
   -0.90558405E-01
   -0.87631913E-01
   -0.84683410E-01
   -0.81712200E-01
   -0.78717561E-01
   -0.75698747E-01
   -0.72654993E-01
   -0.69585505E-01
   -0.66489467E-01
   -0.63366037E-01
   -0.60214343E-01
   -0.57033488E-01
   -0.53822548E-01
   -0.50580566E-01
   -0.47306556E-01
   -0.43999503E-01
   -0.40658356E-01
   -0.37282034E-01
   -0.33869420E-01
   -0.30419361E-01
   -0.26930668E-01
   -0.23402116E-01
   -0.19832438E-01
   -0.16220330E-01
   -0.12564443E-01
   -0.88633886E-02
   -0.51157252E-02
   -0.13184423E-02
    0.25349182E-02
    0.64513297E-02
    0.10437827E-01
    0.14501512E-01
    0.18649565E-01
    0.22889247E-01
    0.27227907E-01
    0.31672993E-01
    0.36232056E-01
    0.40912758E-01
    0.45722881E-01
    0.50670331E-01
    0.55763152E-01
    0.61009526E-01
    0.66417787E-01
    0.71996426E-01
    0.77754103E-01
    0.83699649E-01
    0.89842082E-01
    0.96190609E-01
    0.10275464E+00
    0.10954380E+00
    0.11660038E+00
    0.12437096E+00
    0.13357681E+00
    0.14494576E+00
    0.15920778E+00
    0.17709566E+00
    0.19934573E+00
    0.22669858E+00
    0.25989978E+00
    0.29970061E+00
    0.34685882E+00
    0.40213930E+00
    0.46559430E+00
    0.53303645E+00
    0.59873151E+00
    0.65694123E+00
    0.70192008E+00
    0.72792931E+00
    0.73185391E+00
    0.71583232E+00
    0.68290902E+00
    0.63942541E+00
    0.59377039E+00
    0.55033050E+00
    0.50219366E+00
    0.44047809E+00
    0.35628878E+00
    0.24070878E+00
