         128
  -5.4097689016532106E-002
 CSM - MESH
    7.8125E-03   1.5625E-02   2.3438E-02   3.1250E-02   3.9062E-02   4.6875E-02   5.4688E-02   6.2500E-02   7.0312E-02   7.8125E-02
    8.5938E-02   9.3750E-02   1.0156E-01   1.0938E-01   1.1719E-01   1.2500E-01   1.3281E-01   1.4062E-01   1.4844E-01   1.5625E-01
    1.6406E-01   1.7188E-01   1.7969E-01   1.8750E-01   1.9531E-01   2.0312E-01   2.1094E-01   2.1875E-01   2.2656E-01   2.3438E-01
    2.4219E-01   2.5000E-01   2.5781E-01   2.6562E-01   2.7344E-01   2.8125E-01   2.8906E-01   2.9688E-01   3.0469E-01   3.1250E-01
    3.2031E-01   3.2812E-01   3.3594E-01   3.4375E-01   3.5156E-01   3.5938E-01   3.6719E-01   3.7500E-01   3.8281E-01   3.9062E-01
    3.9844E-01   4.0625E-01   4.1406E-01   4.2188E-01   4.2969E-01   4.3750E-01   4.4531E-01   4.5312E-01   4.6094E-01   4.6875E-01
    4.7656E-01   4.8438E-01   4.9219E-01   5.0000E-01   5.0781E-01   5.1562E-01   5.2344E-01   5.3125E-01   5.3906E-01   5.4688E-01
    5.5469E-01   5.6250E-01   5.7031E-01   5.7812E-01   5.8594E-01   5.9375E-01   6.0156E-01   6.0938E-01   6.1719E-01   6.2500E-01
    6.3281E-01   6.4062E-01   6.4844E-01   6.5625E-01   6.6406E-01   6.7188E-01   6.7969E-01   6.8750E-01   6.9531E-01   7.0312E-01
    7.1094E-01   7.1875E-01   7.2656E-01   7.3438E-01   7.4219E-01   7.5000E-01   7.5781E-01   7.6562E-01   7.7344E-01   7.8125E-01
    7.8906E-01   7.9688E-01   8.0469E-01   8.1250E-01   8.2031E-01   8.2812E-01   8.3594E-01   8.4375E-01   8.5156E-01   8.5938E-01
    8.6719E-01   8.7500E-01   8.8281E-01   8.9062E-01   8.9844E-01   9.0625E-01   9.1406E-01   9.2188E-01   9.2969E-01   9.3750E-01
    9.4531E-01   9.5312E-01   9.6094E-01   9.6875E-01   9.7656E-01   9.8438E-01   9.9219E-01   1.0000E+00
 P 
    2.4435E-02   2.4436E-02   2.4437E-02   2.4439E-02   2.4441E-02   2.4443E-02   2.4445E-02   2.4448E-02   2.4449E-02   2.4450E-02
    2.4450E-02   2.4448E-02   2.4445E-02   2.4441E-02   2.4433E-02   2.4423E-02   2.4411E-02   2.4395E-02   2.4375E-02   2.4351E-02
    2.4324E-02   2.4291E-02   2.4254E-02   2.4212E-02   2.4164E-02   2.4111E-02   2.4052E-02   2.3987E-02   2.3916E-02   2.3839E-02
    2.3756E-02   2.3666E-02   2.3570E-02   2.3468E-02   2.3359E-02   2.3244E-02   2.3122E-02   2.2995E-02   2.2861E-02   2.2722E-02
    2.2577E-02   2.2427E-02   2.2271E-02   2.2110E-02   2.1944E-02   2.1774E-02   2.1600E-02   2.1421E-02   2.1239E-02   2.1053E-02
    2.0864E-02   2.0672E-02   2.0478E-02   2.0281E-02   2.0082E-02   1.9882E-02   1.9680E-02   1.9477E-02   1.9273E-02   1.9069E-02
    1.8864E-02   1.8659E-02   1.8454E-02   1.8250E-02   1.8046E-02   1.7842E-02   1.7639E-02   1.7437E-02   1.7235E-02   1.7033E-02
    1.6832E-02   1.6631E-02   1.6429E-02   1.6227E-02   1.6024E-02   1.5820E-02   1.5616E-02   1.5410E-02   1.5203E-02   1.4994E-02
    1.4784E-02   1.4572E-02   1.4358E-02   1.4143E-02   1.3926E-02   1.3707E-02   1.3486E-02   1.3263E-02   1.3038E-02   1.2811E-02
    1.2582E-02   1.2350E-02   1.2117E-02   1.1881E-02   1.1644E-02   1.1404E-02   1.1162E-02   1.0917E-02   1.0671E-02   1.0422E-02
    1.0171E-02   9.9184E-03   9.6632E-03   9.4058E-03   9.1461E-03   8.8842E-03   8.6201E-03   8.3536E-03   8.0848E-03   7.8137E-03
    7.5402E-03   7.2642E-03   6.9855E-03   6.7042E-03   6.4200E-03   6.1328E-03   5.8422E-03   5.5479E-03   5.2494E-03   4.9463E-03
    4.6372E-03   4.3229E-03   3.9949E-03   3.6315E-03   3.2200E-03   2.4396E-03   1.2135E-03   0.0000E+00
 DP/DPSI
    8.1517E-02   8.9032E-02   8.1326E-02   7.6218E-02   6.8122E-02   5.8825E-02   4.7874E-02   3.5481E-02   2.1660E-02   6.5217E-03
   -9.8426E-03  -2.7333E-02  -4.5841E-02  -6.5257E-02  -8.5464E-02  -1.0635E-01  -1.2778E-01  -1.4965E-01  -1.7184E-01  -1.9421E-01
   -2.1667E-01  -2.3909E-01  -2.6137E-01  -2.8339E-01  -3.0506E-01  -3.2628E-01  -3.4696E-01  -3.6702E-01  -3.8637E-01  -4.0496E-01
   -4.2271E-01  -4.3958E-01  -4.5551E-01  -4.7047E-01  -4.8441E-01  -4.9731E-01  -5.0916E-01  -5.1993E-01  -5.2962E-01  -5.3822E-01
   -5.4575E-01  -5.5221E-01  -5.5761E-01  -5.6197E-01  -5.6531E-01  -5.6765E-01  -5.6903E-01  -5.6948E-01  -5.6903E-01  -5.6771E-01
   -5.6556E-01  -5.6264E-01  -5.5897E-01  -5.5459E-01  -5.4957E-01  -5.4394E-01  -5.3775E-01  -5.3106E-01  -5.2391E-01  -5.1637E-01
   -5.0849E-01  -5.0034E-01  -4.9200E-01  -4.8353E-01  -4.7502E-01  -4.6656E-01  -4.5826E-01  -4.5024E-01  -4.4263E-01  -4.3559E-01
   -4.2927E-01  -4.2364E-01  -4.1865E-01  -4.1421E-01  -4.1028E-01  -4.0679E-01  -4.0369E-01  -4.0095E-01  -3.9851E-01  -3.9635E-01
   -3.9442E-01  -3.9270E-01  -3.9117E-01  -3.8979E-01  -3.8856E-01  -3.8744E-01  -3.8643E-01  -3.8550E-01  -3.8465E-01  -3.8387E-01
   -3.8315E-01  -3.8247E-01  -3.8183E-01  -3.8123E-01  -3.8066E-01  -3.8012E-01  -3.7959E-01  -3.7909E-01  -3.7861E-01  -3.7814E-01
   -3.7770E-01  -3.7726E-01  -3.7685E-01  -3.7646E-01  -3.7610E-01  -3.7576E-01  -3.7546E-01  -3.7521E-01  -3.7501E-01  -3.7488E-01
   -3.7485E-01  -3.7492E-01  -3.7514E-01  -3.7555E-01  -3.7619E-01  -3.7712E-01  -3.7844E-01  -3.8023E-01  -3.8272E-01  -3.8572E-01
   -3.9076E-01  -3.9414E-01  -4.2235E-01  -4.6382E-01  -6.1225E-01  -1.2905E+00  -1.5415E+00  -1.2441E+00
 Q 
    8.5097E-01   8.5142E-01   8.5188E-01   8.5235E-01   8.5297E-01   8.5377E-01   8.5470E-01   8.5577E-01   8.5697E-01   8.5831E-01
    8.5979E-01   8.6142E-01   8.6319E-01   8.6509E-01   8.6715E-01   8.6934E-01   8.7167E-01   8.7414E-01   8.7676E-01   8.7952E-01
    8.8242E-01   8.8546E-01   8.8865E-01   8.9198E-01   8.9546E-01   8.9909E-01   9.0286E-01   9.0678E-01   9.1085E-01   9.1508E-01
    9.1946E-01   9.2399E-01   9.2869E-01   9.3354E-01   9.3856E-01   9.4375E-01   9.4911E-01   9.5464E-01   9.6035E-01   9.6624E-01
    9.7232E-01   9.7859E-01   9.8506E-01   9.9173E-01   9.9861E-01   1.0057E+00   1.0130E+00   1.0206E+00   1.0283E+00   1.0364E+00
    1.0446E+00   1.0532E+00   1.0620E+00   1.0711E+00   1.0804E+00   1.0901E+00   1.1001E+00   1.1104E+00   1.1211E+00   1.1321E+00
    1.1434E+00   1.1551E+00   1.1672E+00   1.1797E+00   1.1926E+00   1.2059E+00   1.2196E+00   1.2337E+00   1.2482E+00   1.2631E+00
    1.2784E+00   1.2942E+00   1.3102E+00   1.3267E+00   1.3435E+00   1.3607E+00   1.3783E+00   1.3962E+00   1.4145E+00   1.4331E+00
    1.4522E+00   1.4717E+00   1.4915E+00   1.5119E+00   1.5326E+00   1.5539E+00   1.5757E+00   1.5980E+00   1.6209E+00   1.6443E+00
    1.6685E+00   1.6932E+00   1.7187E+00   1.7450E+00   1.7721E+00   1.8001E+00   1.8290E+00   1.8589E+00   1.8899E+00   1.9220E+00
    1.9554E+00   1.9902E+00   2.0264E+00   2.0642E+00   2.1037E+00   2.1451E+00   2.1885E+00   2.2342E+00   2.2823E+00   2.3332E+00
    2.3871E+00   2.4444E+00   2.5056E+00   2.5711E+00   2.6416E+00   2.7179E+00   2.8010E+00   2.8921E+00   2.9931E+00   3.1063E+00
    3.2353E+00   3.3855E+00   3.5652E+00   3.7844E+00   4.0597E+00   4.3799E+00   4.7411E+00   8.8122E+00
