1.35984340d+01 
2.45873876d+01 5.44177630d+01 
5.39171910d+00 7.56401500d+01 1.22454353d+02 
9.32269900d+00 1.82111530d+01 1.53894400d+02 2.17718572d+02 
8.29802600d+00 2.51548300d+01 3.79306200d+01 2.59375100d+02 3.40225993d+02 
1.12603000d+01 2.43833100d+01 4.78878000d+01 6.44939000d+01 3.92088600d+02 4.89993120d+02 
1.45341300d+01 2.96012870d+01 4.74492200d+01 7.74735000d+01 9.78901300d+01 5.52071600d+02 6.67046020d+02 
1.36180654d+01 3.51211100d+01 5.49355000d+01 7.74135000d+01 1.13898900d+02 1.38119600d+02 7.39292930d+02 8.71409690d+02 
1.74228200d+01 3.49708100d+01 6.27084000d+01 8.71398000d+01 1.14242800d+02 1.57163100d+02 1.85186800d+02 9.53906800d+02 1.10311710d+03 
2.15645390d+01 4.09632600d+01 6.34551000d+01 9.71168000d+01 1.26215900d+02 1.57931100d+02 2.07275800d+02 2.39098800d+02 1.19582860d+03 1.36219860d+03 
5.13907500d+00 4.72863600d+01 7.16200000d+01 9.89100000d+01 1.38400000d+02 1.72183000d+02 2.08500000d+02 2.64250000d+02 2.99864000d+02 1.46512070d+03 1.64870105d+03 
7.64623100d+00 1.50352660d+01 8.01436000d+01 1.09265500d+02 1.41270000d+02 1.86760000d+02 2.25020000d+02 2.65960000d+02 3.27900000d+02 3.67497000d+02 1.76180390d+03 1.96266420d+03 
5.98575500d+00 1.88285700d+01 2.84476400d+01 1.19992000d+02 1.53825200d+02 1.90477000d+02 2.41760000d+02 2.84660000d+02 3.30127000d+02 3.98750000d+02 4.41999000d+02 2.08597560d+03 2.30414010d+03 
8.15168300d+00 1.63458450d+01 3.34930000d+01 4.51417900d+01 1.66767400d+02 2.05267000d+02 2.46480600d+02 3.03538100d+02 3.51123200d+02 4.01374000d+02 4.76359700d+02 5.23420300d+02 2.43762840d+03 2.67318070d+03 
1.04866900d+01 1.97694700d+01 3.02026400d+01 5.14438700d+01 6.50251100d+01 2.20422000d+02 2.63570000d+02 3.09600000d+02 3.72130000d+02 4.24420000d+02 4.79460000d+02 5.60780000d+02 6.11740000d+02 2.81691100d+03 3.06984143d+03 
1.03600100d+01 2.33378800d+01 3.47900000d+01 4.72219000d+01 7.25944900d+01 8.80529200d+01 2.80948000d+02 3.28740000d+02 3.79553000d+02 4.47460000d+02 5.04780000d+02 5.64440000d+02 6.52200000d+02 7.07010000d+02 3.22377650d+03 3.49418770d+03 
1.29676300d+01 2.38136000d+01 3.99105000d+01 5.34652000d+01 6.78194000d+01 9.70300000d+01 1.14195800d+02 3.48284000d+02 4.00803700d+02 4.56286600d+02 5.29276100d+02 5.91900500d+02 6.56347500d+02 7.50476300d+02 8.09212900d+02 3.65833830d+03 3.94629070d+03 
1.57596060d+01 2.76296500d+01 4.07350000d+01 5.96860000d+01 7.51344000d+01 9.10090000d+01 1.24327900d+02 1.43456700d+02 4.22540000d+02 4.79680000d+02 5.40030000d+02 6.18730000d+02 6.85900000d+02 7.55200000d+02 8.55750000d+02 9.18386100d+02 4.12065800d+03 4.42622260d+03 
4.34066345d+00 3.16284000d+01 4.58060000d+01 6.09134000d+01 8.26600000d+01 9.94000000d+01 1.17560000d+02 1.54880000d+02 1.75817400d+02 5.03700000d+02 5.64750000d+02 6.29500000d+02 7.14600000d+02 7.86680000d+02 8.61100000d+02 9.68000000d+02 1.03450000d+03 4.61075000d+03 4.93404390d+03 
6.11315800d+00 1.18717200d+01 5.09131000d+01 6.72700000d+01 8.45100000d+01 1.08780000d+02 1.27200000d+02 1.47240000d+02 1.88535000d+02 2.11274900d+02 5.91900000d+02 6.57200000d+02 7.26700000d+02 8.17700000d+02 8.94500000d+02 9.75000000d+02 1.08734100d+03 1.15780000d+03 5.1287000d+03 5.46986140d+03 
6.56149000d+00 1.27997700d+01 2.47568370d+01 7.34894000d+01 9.16900000d+01 1.10680000d+02 1.38000000d+02 1.58100000d+02 1.80030000d+02 2.25180000d+02 2.49798000d+02 6.87360000d+02 7.56700000d+02 8.30800000d+02 9.27500000d+02 1.00923100d+03 1.09400000d+03 1.21256500d+03 1.28797000d+03 5.67480000d+03 6.03375510d+03 
6.82810000d+00 1.35755000d+01 2.74917100d+01 4.32671700d+01 9.92990000d+01 1.19533000d+02 1.40846000d+02 1.70400000d+02 1.92100000d+02 2.15918000d+02 2.65070000d+02 2.91500000d+02 7.87830000d+02 8.63100000d+02 9.41900000d+02 1.04394700d+03 1.13100000d+03 1.22100000d+03 1.34600000d+03 1.42540000d+03 6.24890000d+03 6.62581000d+03 
6.74620000d+00 1.46549000d+01 2.93111000d+01 4.67086000d+01 6.52816000d+01 1.28125300d+02 1.50640800d+02 1.73453900d+02 2.05813800d+02 2.30486600d+02 2.55655400d+02 3.08100700d+02 3.36276100d+02 8.96033700d+02 9.75755600d+02 1.05994100d+03 1.16793100d+03 1.25967940d+03 1.35514720d+03 1.48657040d+03 1.56963990d+03 6.85124240d+03 7.24611960d+03 
6.76651000d+00 1.64857000d+01 3.09589000d+01 4.91597000d+01 6.94559000d+01 9.06349000d+01 1.60175200d+02 1.84700000d+02 2.09300000d+02 2.44400000d+02 2.70800000d+02 2.98100000d+02 3.54800000d+02 3.84167000d+02 1.01059500d+03 1.09730000d+03 1.18500000d+03 1.29900000d+03 1.39600000d+03 1.49600000d+03 1.63400000d+03 1.72110000d+03 7.48170000d+03 7.89480000d+03 
7.43401800d+00 1.56399900d+01 3.36680000d+01 5.12000000d+01 7.24000000d+01 9.56000000d+01 1.19203000d+02 1.94500000d+02 2.21800000d+02 2.48300000d+02 2.86000000d+02 3.14400000d+02 3.43600000d+02 4.03000000d+02 4.35162000d+02 1.13470000d+03 1.22400000d+03 1.31700000d+03 1.43700000d+03 1.53900000d+03 1.64400000d+03 1.78800000d+03 1.87980000d+03 8.14060000d+03 8.57194000d+03 
7.90240000d+00 1.61877000d+01 3.06514000d+01 5.48010000d+01 7.50104000d+01 9.90634000d+01 1.24976100d+02 1.51059900d+02 2.33586200d+02 2.62102600d+02 2.90247000d+02 3.30789800d+02 3.61042000d+02 3.92162000d+02 4.57005700d+02 4.89276300d+02 1.26215910d+03 1.36196630d+03 1.46921270d+03 1.57559110d+03 1.68866470d+03 1.79901060d+03 1.95857830d+03 2.04573910d+03 8.82804630d+03 9.27768740d+03 
7.88100000d+00 1.70844000d+01 3.35000000d+01 5.12700000d+01 7.95000000d+01 1.02000000d+02 1.28900000d+02 1.57831900d+02 1.86137000d+02 2.75400000d+02 3.05000000d+02 3.36000000d+02 3.79000000d+02 4.11000000d+02 4.44000000d+02 5.11960000d+02 5.46580000d+02 1.39720000d+03 1.50450000d+03 1.60310000d+03 1.73500000d+03 1.84600000d+03 1.96100000d+03 2.11900000d+03 2.21890000d+03 9.54420000d+03 1.00121200d+04 
7.63980000d+00 1.81688370d+01 3.51867000d+01 5.49250000d+01 7.60600000d+01 1.07870000d+02 1.33000000d+02 1.62000000d+02 1.93000000d+02 2.24700000d+02 3.21000000d+02 3.52000000d+02 3.84350000d+02 4.30000000d+02 4.64000000d+02 4.98000000d+02 5.71080000d+02 6.07050000d+02 1.54100000d+03 1.64800000d+03 1.75560000d+03 1.89400000d+03 2.01100000d+03 2.13100000d+03 2.29490000d+03 2.39920000d+03 1.02888000d+04 1.07754000d+04 
7.72637700d+00 2.02923900d+01 3.68407000d+01 5.73799000d+01 7.98458000d+01 1.03031000d+02 1.38862300d+02 1.66000000d+02 1.99000000d+02 2.31850400d+02 2.65326200d+02 3.68853000d+02 4.00964900d+02 4.34936500d+02 4.83910300d+02 5.19989700d+02 5.57061000d+02 6.32939300d+02 6.70588300d+02 1.68990450d+03 1.80397000d+03 1.91555570d+03 2.06061720d+03 2.18212180d+03 2.30858560d+03 2.47794800d+03 2.58755010d+03 1.10623730d+04 1.15676120d+04 
9.39419900d+00 1.79643900d+01 3.97233000d+01 5.95732000d+01 8.25735000d+01 1.08000000d+02 1.33902900d+02 1.73949800d+02 2.03000000d+02 2.38000000d+02 2.74005100d+02 3.10828400d+02 4.19686500d+02 4.54030100d+02 4.89985500d+02 5.42058900d+02 5.79006200d+02 6.18681100d+02 7.02990400d+02 7.37366200d+02 1.84612460d+03 1.96638930d+03 2.08417420d+03 2.23419510d+03 2.36065900d+03 2.40400000d+03 2.66442030d+03 2.78344510d+03 1.18651510d+04 1.23889280d+04 
5.99930160d+00 2.05151400d+01 3.07258000d+01 6.32406000d+01 8.60078000d+01 1.12702000d+02 1.40846000d+02 1.98800000d+02 2.33100000d+02 2.68000000d+02 3.02400000d+02 3.36900000d+02 3.57198500d+02 4.71263900d+02 5.08955100d+02 5.48878000d+02 5.93760300d+02 6.51412900d+02 6.81665100d+02 7.62502800d+02 8.07335500d+02 2.00916380d+03 2.13153620d+03 2.25527240d+03 2.41893160d+03 2.53175720d+03 2.59200000d+03 2.79300000d+03 2.91800000d+03 1.26967882d+04 1.32394881d+04
7.89943400d+00 1.59346100d+01 3.40576000d+01 4.57155000d+01 9.04998000d+01 1.15900000d+02 1.44937500d+02 1.99500000d+02 2.37000000d+02 2.74600000d+02 3.12800000d+02 3.50400000d+02 3.66993200d+02 4.09147800d+02 5.31892200d+02 5.66607800d+02 6.10002200d+02 6.55876400d+02 7.04230200d+02 7.47624700d+02 8.34413600d+02 8.80498500d+02 2.17691440d+03 2.30362630d+03 2.44248860d+03 2.66566010d+03 2.74377010d+03 2.88635200d+03 3.06860870d+03 3.19457670d+03 1.35573315d+04 1.41194287d+04 
9.78860000d+00 1.86330000d+01 2.83510000d+01 5.01300000d+01 6.26300000d+01 1.27600000d+02 1.56100000d+02 1.96600000d+02 2.37200000d+02 2.77700000d+02 3.18200000d+02 3.59600000d+02 4.00300000d+02 4.41000000d+02 4.81700000d+02 6.25300000d+02 6.69200000d+02 7.13200000d+02 7.57100000d+02 8.06600000d+02 8.51400000d+02 9.56100000d+02 1.00200000d+03 2.18400000d+03 2.33700000d+03 2.48900000d+03 2.64200000d+03 2.83200000d+03 2.98800000d+03 3.20400000d+03 3.33900000d+03 1.39700000d+04 1.50286197d+04 
9.75237600d+00 2.11889000d+01 3.08204000d+01 4.29450000d+01 6.83153000d+01 8.17048000d+01 1.55389400d+02 1.91059600d+02 2.27015100d+02 2.63962300d+02 3.04009200d+02 3.47031700d+02 3.87946500d+02 4.65064700d+02 4.74983400d+02 5.18997800d+02 6.56992200d+02 6.95055400d+02 7.35970200d+02 7.93002900d+02 8.39001000d+02 8.85991400d+02 9.87038100d+02 1.03653300d+03 2.54167590d+03 2.66070070d+03 2.79832320d+03 2.96446200d+03 3.12316180d+03 3.27442250d+03 3.46287840d+03 3.63273680d+03 1.53673445d+04 1.59676759d+04 
1.18138100d+01 2.18000000d+01 3.60000000d+01 4.73000000d+01 5.97700000d+01 8.86000000d+01 1.03000000d+02 1.92800000d+02 2.20100000d+02 2.74400000d+02 3.20700000d+02 3.67000000d+02 4.13300000d+02 4.60800000d+02 5.07400000d+02 5.54000000d+02 6.00600000d+02 7.63700000d+02 8.11900000d+02 8.59900000d+02 9.08100000d+02 9.63600000d+02 1.01300000d+03 1.12900000d+03 1.17800000d+03 2.54100000d+03 2.70400000d+03 2.86700000d+03 3.03000000d+03 3.24200000d+03 3.40900000d+03 3.64200000d+03 3.78700000d+03 1.57900000d+04 1.64300000d+04 
1.39986900E+01 2.43582592E+01 3.69473654E+01 5.24914922E+01 6.46907431E+01 7.84892861E+01 1.10995827E+02 1.25794237E+02 2.30955127E+02 2.68160363E+02 3.08204652E+02 3.50108583E+02 3.90896729E+02 4.46562010E+02 4.91813296E+02 5.40659890E+02 5.91490102E+02 6.40956577E+02 7.85884670E+02 8.32995598E+02 8.83825810E+02 9.36639640E+02 9.97635895E+02 1.05082165E+03 1.15136629E+03 1.20520912E+03 2.92782022E+03 3.06964891E+03 3.22709859E+03 3.38082899E+03 3.59406793E+03 3.76019594E+03 3.96599631E+03 4.10827131E+03 1.72960335E+04 1.79350411E+04 
4.17712800d+00 2.72895400d+01 3.90178000d+01 5.21973000d+01 6.84393000d+01 8.24495000d+01 9.74268000d+01 1.32787100d+02 1.50628400d+02 2.76484700d+02 3.14919800d+02 3.65753400d+02 4.17826700d+02 4.69500000d+02 5.12400000d+02 5.74900000d+02 6.27200000d+02 6.79400000d+02 7.31506700d+02 8.57226700d+02 9.05332600d+02 9.58881300d+02 1.02373700d+03 1.08043500d+03 1.12490900d+03 1.24254480d+03 1.29456730d+03 3.13332850d+03 3.28099360d+03 3.44254500d+03 3.59975700d+03 3.68200000d+03 3.98844740d+03 4.21422260d+03 4.35630850d+03 1.83057166d+04 1.89649937d+04 
5.69490000d+00 1.10301300d+01 4.28900000d+01 5.70000000d+01 7.16000000d+01 9.08000000d+01 1.06000000d+02 1.22300000d+02 1.62000000d+02 1.77000000d+02 3.24100000d+02 3.61700000d+02 4.16300000d+02 4.71000000d+02 5.25600000d+02 5.80300000d+02 6.36800000d+02 6.91900000d+02 7.46900000d+02 8.02000000d+02 9.91500000d+02 1.04600000d+03 1.10100000d+03 1.15500000d+03 1.22300000d+03 1.27900000d+03 1.41300000d+03 1.46900000d+03 3.12700000d+03 3.30600000d+03 3.48600000d+03 3.66500000d+03 3.91300000d+03 4.09900000d+03 4.35900000d+03 4.51600000d+03 1.87600000d+04 1.94500000d+04 
6.21730000d+00 1.22400000d+01 2.05200000d+01 6.05970000d+01 7.70400000d+01 9.30000000d+01 1.16000000d+02 1.29000000d+02 1.46200000d+02 1.91000000d+02 2.06000000d+02 3.74000000d+02 4.10600000d+02 4.68000000d+02 5.25400000d+02 5.82800000d+02 6.40200000d+02 7.00000000d+02 7.57800000d+02 8.15700000d+02 8.73500000d+02 1.06600000d+03 1.12300000d+03 1.18000000d+03 1.23600000d+03 1.31500000d+03 1.37300000d+03 1.51200000d+03 1.57000000d+03 3.33400000d+03 3.51900000d+03 3.70400000d+03 3.88800000d+03 4.15100000d+03 4.34100000d+03 4.61000000d+03 4.77300000d+03 1.98000000d+04 2.05200000d+04 
6.63390000d+00 1.31300000d+01 2.31702000d+01 3.44183600d+01 8.03480000d+01 9.80000000d+01 1.17700000d+02 1.37400000d+02 1.60600000d+02 1.80600000d+02 2.25700000d+02 2.48000000d+02 4.02000000d+02 4.62100000d+02 5.22300000d+02 5.82400000d+02 6.42500000d+02 7.02600000d+02 7.65600000d+02 8.26300000d+02 8.86900000d+02 9.47500000d+02 1.14400000d+03 1.20300000d+03 1.26200000d+03 1.32000000d+03 1.40600000d+03 1.46700000d+03 1.60900000d+03 1.66900000d+03 3.54700000d+03 3.73800000d+03 3.92800000d+03 4.11800000d+03 4.39500000d+03 4.59100000d+03 4.86900000d+03 5.03700000d+03 2.08800000d+04 2.16100000d+04 
6.75885000d+00 1.43200000d+01 2.50400000d+01 3.83000000d+01 5.05500000d+01 1.02570000d+02 1.25000000d+02 1.41000000d+02 1.61700000d+02 1.87900000d+02 2.08800000d+02 2.55100000d+02 2.78400000d+02 4.51200000d+02 5.14000000d+02 5.76800000d+02 6.39600000d+02 7.02400000d+02 7.65200000d+02 8.31700000d+02 8.95100000d+02 9.58500000d+02 1.02200000d+03 1.22200000d+03 1.28300000d+03 1.34400000d+03 1.40900000d+03 1.49600000d+03 1.55800000d+03 1.70400000d+03 1.76600000d+03 3.76500000d+03 3.96000000d+03 4.15600000d+03 4.35200000d+03 4.64400000d+03 4.84600000d+03 5.13400000d+03 5.30700000d+03 2.19800000d+04 2.27400000d+04 
7.09243000d+00 1.61551000d+01 2.71277000d+01 4.63701000d+01 5.44849000d+01 6.88276000d+01 1.25664200d+02 1.43561300d+02 1.64117900d+02 1.86348200d+02 2.09285300d+02 2.30275800d+02 2.79088400d+02 3.02595800d+02 5.44042600d+02 5.70327300d+02 6.36038900d+02 7.01750500d+02 7.67100000d+02 8.32600000d+02 9.02200000d+02 9.68400000d+02 1.02000000d+03 1.08238200d+03 1.26339890d+03 1.32291130d+03 1.38738310d+03 1.44937520d+03 1.53492430d+03 1.60063590d+03 1.72585990d+03 1.79132360d+03 4.25761710d+03 4.39200000d+03 4.42995510d+03 4.59300000d+03 4.90200000d+03 5.11000000d+03 5.40700000d+03 5.71135650d+03 2.37916735d+04 2.45722197d+04 
7.28000000d+00 1.52600000d+01 2.95400000d+01 4.41700000d+01 6.05400000d+01 7.69100000d+01 9.32300000d+01 1.51200000d+02 1.74200000d+02 1.97100000d+02 2.20000000d+02 2.49700000d+02 2.73100000d+02 3.25500000d+02 3.51100000d+02 5.64800000d+02 6.32900000d+02 7.01000000d+02 7.69100000d+02 8.37200000d+02 9.05300000d+02 9.78300000d+02 1.04700000d+03 1.11600000d+03 1.18500000d+03 1.39300000d+03 1.45900000d+03 1.52400000d+03 1.58900000d+03 1.69100000d+03 1.75800000d+03 1.91200000d+03 1.97800000d+03 4.22500000d+03 4.43100000d+03 4.63800000d+03 4.84400000d+03 5.17000000d+03 5.38400000d+03 5.69100000d+03 5.87400000d+03 2.42900000d+04 2.50800000d+04 
7.36050000d+00 1.67600000d+01 2.84700000d+01 4.99000000d+01 6.68900000d+01 8.35100000d+01 1.00100000d+02 1.16700000d+02 1.79200000d+02 2.03000000d+02 2.26700000d+02 2.50500000d+02 2.80100000d+02 3.04300000d+02 3.60000000d+02 3.86500000d+02 6.21600000d+02 6.92400000d+02 7.63100000d+02 8.33900000d+02 9.04700000d+02 9.75400000d+02 1.05100000d+03 1.12300000d+03 1.19400000d+03 1.26600000d+03 1.47900000d+03 1.54600000d+03 1.61400000d+03 1.68100000d+03 1.78900000d+03 1.85800000d+03 2.01600000d+03 2.08400000d+03 4.46000000d+03 4.67200000d+03 4.88400000d+03 5.09600000d+03 5.44000000d+03 5.66000000d+03 5.97700000d+03 6.16500000d+03 2.54900000d+04 2.63000000d+04 
7.45890000d+00 1.80800000d+01 3.10600000d+01 5.35200000d+01 7.09000000d+01 8.89900000d+01 1.06700000d+02 1.24400000d+02 1.42200000d+02 2.09900000d+02 2.34600000d+02 2.59400000d+02 2.84100000d+02 3.14600000d+02 3.40000000d+02 3.98800000d+02 4.26300000d+02 6.83900000d+02 7.57300000d+02 8.30700000d+02 9.04000000d+02 9.77400000d+02 1.05100000d+03 1.13000000d+03 1.20400000d+03 1.27800000d+03 1.35200000d+03 1.57000000d+03 1.64000000d+03 1.70900000d+03 1.77800000d+03 1.89300000d+03 1.96400000d+03 2.12700000d+03 2.19700000d+03 4.70500000d+03 4.92200000d+03 5.13900000d+03 5.35700000d+03 5.71900000d+03 5.94500000d+03 6.27300000d+03 6.46600000d+03 2.67200000d+04 2.75600000d+04 
8.33690000d+00 1.94300000d+01 3.29300000d+01 6.08700000d+01 7.82500000d+01 9.56400000d+01 1.13600000d+02 1.31400000d+02 1.49200000d+02 1.67000000d+02 2.39400000d+02 2.65000000d+02 2.90500000d+02 3.16100000d+02 3.46400000d+02 3.72700000d+02 4.34900000d+02 4.63400000d+02 7.44000000d+02 8.20100000d+02 8.96100000d+02 9.72200000d+02 1.04800000d+03 1.12400000d+03 1.20600000d+03 1.28300000d+03 1.36000000d+03 1.43600000d+03 1.65900000d+03 1.73100000d+03 1.80200000d+03 1.87400000d+03 1.99400000d+03 2.06800000d+03 2.23500000d+03 2.30700000d+03 4.95100000d+03 5.17400000d+03 5.39600000d+03 5.61900000d+03 6.00200000d+03 6.23400000d+03 6.57200000d+03 6.77000000d+03 2.79700000d+04 2.88300000d+04 
7.57620000d+00 2.14900000d+01 3.48300000d+01 6.05200000d+01 8.00100000d+01 9.95000000d+01 1.19000000d+02 1.39200000d+02 1.59000000d+02 1.78900000d+02 1.98700000d+02 2.77200000d+02 3.03900000d+02 3.30600000d+02 3.57300000d+02 3.89300000d+02 4.16800000d+02 4.82300000d+02 5.11900000d+02 8.16600000d+02 8.95200000d+02 9.73900000d+02 1.05300000d+03 1.13100000d+03 1.21000000d+03 1.29500000d+03 1.37400000d+03 1.45400000d+03 1.53300000d+03 1.76100000d+03 1.83500000d+03 1.90800000d+03 1.98200000d+03 2.10900000d+03 2.18500000d+03 2.35700000d+03 2.43100000d+03 5.21300000d+03 5.44100000d+03 5.66900000d+03 5.89700000d+03 6.30200000d+03 6.54000000d+03 6.88900000d+03 7.09200000d+03 2.92700000d+04 3.01400000d+04 
8.99380000d+00 1.69083200d+01 3.74800000d+01 5.82600000d+01 7.96200000d+01 1.01000000d+02 1.22300000d+02 1.43700000d+02 1.65800000d+02 1.87500000d+02 2.09200000d+02 2.30900000d+02 3.15400000d+02 3.43300000d+02 3.71100000d+02 3.99000000d+02 4.33000000d+02 4.61700000d+02 5.30600000d+02 5.61300000d+02 8.91100000d+02 9.72300000d+02 1.05400000d+03 1.13500000d+03 1.21600000d+03 1.29700000d+03 1.38600000d+03 1.46800000d+03 1.55000000d+03 1.63200000d+03 1.86400000d+03 1.93900000d+03 2.01500000d+03 2.09100000d+03 2.22700000d+03 2.30500000d+03 2.49100000d+03 2.55800000d+03 5.48100000d+03 5.71400000d+03 5.94800000d+03 6.18200000d+03 6.60900000d+03 6.85300000d+03 7.21300000d+03 7.42100000d+03 3.06000000d+04 3.14900000d+04 
5.78640000d+00 1.88698000d+01 2.80300000d+01 5.43300000d+01 7.75100000d+01 1.00700000d+02 1.23900000d+02 1.47100000d+02 1.70200000d+02 1.94400000d+02 2.17900000d+02 2.41300000d+02 2.64700000d+02 3.55200000d+02 3.84300000d+02 4.13300000d+02 4.42400000d+02 4.78500000d+02 5.08400000d+02 5.80700000d+02 6.12600000d+02 9.68700000d+02 1.05200000d+03 1.13600000d+03 1.22000000d+03 1.30400000d+03 1.38800000d+03 1.48000000d+03 1.56400000d+03 1.64900000d+03 1.73400000d+03 1.97200000d+03 2.05000000d+03 2.12800000d+03 2.20600000d+03 2.34300000d+03 2.42900000d+03 2.60900000d+03 2.68800000d+03 5.75500000d+03 5.99400000d+03 6.23400000d+03 6.47300000d+03 6.92400000d+03 7.17400000d+03 7.54600000d+03 7.75800000d+03 3.19600000d+04 3.28700000d+04 
7.34390000d+00 1.46322500d+01 3.05026000d+01 4.07350200d+01 7.22800000d+01 9.86700000d+01 1.23500000d+02 1.48400000d+02 1.73300000d+02 1.98200000d+02 2.24300000d+02 2.49400000d+02 2.74400000d+02 2.99500000d+02 3.95900000d+02 4.26100000d+02 4.56400000d+02 4.86700000d+02 5.25000000d+02 5.56300000d+02 6.32000000d+02 6.65100000d+02 1.04800000d+03 1.13500000d+03 1.22100000d+03 1.30800000d+03 1.39400000d+03 1.48000000d+03 1.57600000d+03 1.66300000d+03 1.75000000d+03 1.83800000d+03 2.08200000d+03 2.16200000d+03 2.24200000d+03 2.32200000d+03 2.47200000d+03 2.55500000d+03 2.74000000d+03 2.82100000d+03 6.03600000d+03 6.28100000d+03 6.52500000d+03 6.77000000d+03 7.24600000d+03 7.50300000d+03 7.88600000d+03 8.10400000d+03 3.33500000d+04 3.42900000d+04 
8.60840000d+00 1.65305100d+01 2.53000000d+01 4.42900000d+01 5.69500000d+01 1.08000000d+02 1.21700000d+02 1.48200000d+02 1.74600000d+02 2.01100000d+02 2.27600000d+02 2.55400000d+02 2.82100000d+02 3.08800000d+02 3.35500000d+02 4.37900000d+02 4.69400000d+02 5.00900000d+02 5.32400000d+02 5.73000000d+02 6.05600000d+02 6.48400000d+02 7.19100000d+02 1.13100000d+03 1.22000000d+03 1.30900000d+03 1.39800000d+03 1.48700000d+03 1.57600000d+03 1.67500000d+03 1.76500000d+03 1.85500000d+03 1.94500000d+03 2.19400000d+03 2.27600000d+03 2.35800000d+03 2.44100000d+03 2.59900000d+03 2.68400000d+03 2.87400000d+03 2.95700000d+03 6.32300000d+03 6.57300000d+03 6.82400000d+03 7.07400000d+03 7.57700000d+03 7.84000000d+03 8.23400000d+03 8.45700000d+03 3.47800000d+04 3.57300000d+04 
9.00960000d+00 1.86000000d+01 2.79600000d+01 3.74100000d+01 5.87500000d+01 7.07000000d+01 1.37000000d+02 1.46600000d+02 1.74600000d+02 2.02600000d+02 2.30600000d+02 2.58500000d+02 2.88100000d+02 3.16400000d+02 3.44700000d+02 3.73000000d+02 4.81300000d+02 5.14000000d+02 5.46700000d+02 5.79500000d+02 6.22500000d+02 6.56300000d+02 7.39100000d+02 7.74600000d+02 1.21600000d+03 1.30800000d+03 1.39900000d+03 1.49100000d+03 1.58200000d+03 1.67400000d+03 1.77600000d+03 1.86900000d+03 1.96100000d+03 2.05400000d+03 2.30900000d+03 2.39400000d+03 2.47800000d+03 2.56200000d+03 2.73000000d+03 2.81700000d+03 3.01100000d+03 3.09600000d+03 6.61700000d+03 6.87300000d+03 7.12800000d+03 7.38400000d+03 7.91500000d+03 8.18500000d+03 8.59100000d+03 8.81900000d+03 3.62300000d+04 3.72100000d+04 
1.04513000d+01 1.91313000d+01 3.30000000d+01 4.40100000d+01 5.53200000d+01 7.88400000d+01 9.23500000d+01 1.43800000d+02 1.73300000d+02 2.02800000d+02 2.32200000d+02 2.61700000d+02 2.91100000d+02 3.22400000d+02 3.52200000d+02 3.82000000d+02 4.11800000d+02 5.26100000d+02 5.60100000d+02 5.94000000d+02 6.28000000d+02 6.73400000d+02 7.08500000d+02 7.95100000d+02 8.31800000d+02 1.30400000d+03 1.39900000d+03 1.49200000d+03 1.58600000d+03 1.68000000d+03 1.77400000d+03 1.88000000d+03 1.97600000d+03 2.07100000d+03 2.16600000d+03 2.42700000d+03 2.51400000d+03 2.60000000d+03 2.68700000d+03 2.86400000d+03 2.95300000d+03 3.15200000d+03 3.23900000d+03 6.91700000d+03 7.17900000d+03 7.44000000d+03 7.70100000d+03 8.26200000d+03 8.53800000d+03 8.95600000d+03 9.19000000d+03 3.77300000d+04 3.87300000d+04 
1.21298430d+01 2.09750000d+01 3.10456000d+01 4.09148000d+01 5.41439000d+01 6.67030000d+01 9.15995000d+01 1.05976000d+02 1.79839100d+02 2.01722300d+02 2.29023600d+02 2.63500000d+02 2.94400000d+02 3.25300000d+02 3.58300000d+02 3.89600000d+02 4.20900000d+02 4.52200000d+02 5.72559000d+02 6.07700000d+02 6.42900000d+02 6.78100000d+02 7.26000000d+02 7.62400000d+02 8.52639300d+02 8.57028300d+02 1.48967000d+03 1.49152980d+03 1.58699760d+03 1.68400000d+03 1.75100000d+03 1.87700000d+03 1.98700000d+03 2.08500000d+03 2.18300000d+03 2.28100000d+03 2.54800000d+03 2.63700000d+03 2.72600000d+03 2.81400000d+03 3.00100000d+03 3.09300000d+03 3.29549980d+03 3.33381090d+03 7.22455880d+03 7.49100000d+03 7.75800000d+03 8.02400000d+03 8.61700000d+03 8.89900000d+03 9.60671660d+03 9.81274760d+03 4.02726688d+04 4.12997042d+04 
3.89390000d+00 2.24100000d+01 3.52500000d+01 4.80900000d+01 6.09300000d+01 7.56100000d+01 8.90200000d+01 1.19300000d+02 1.33600000d+02 2.00900000d+02 2.33200000d+02 2.65600000d+02 2.97900000d+02 3.30300000d+02 3.62700000d+02 3.97400000d+02 4.30200000d+02 4.63000000d+02 4.95700000d+02 6.21900000d+02 6.58400000d+02 6.94800000d+02 7.31200000d+02 7.81900000d+02 8.19600000d+02 9.13600000d+02 9.52700000d+02 1.48900000d+03 1.58800000d+03 1.68700000d+03 1.78700000d+03 1.88600000d+03 1.98500000d+03 2.09900000d+03 2.19900000d+03 2.30000000d+03 2.40100000d+03 2.67300000d+03 2.76400000d+03 2.85500000d+03 2.94600000d+03 3.14300000d+03 3.23700000d+03 3.44600000d+03 3.53700000d+03 7.54000000d+03 7.81200000d+03 8.80400000d+03 8.35600000d+03 8.98200000d+03 9.27100000d+03 9.71400000d+03 9.95800000d+03 4.08200000d+04 4.18600000d+04 
5.21166430d+00 1.00382000d+01 3.44500000d+01 4.84000000d+01 6.23500000d+01 7.63000000d+01 9.25300000d+01 1.07100000d+02 1.39200000d+02 1.55700000d+02 2.32200000d+02 2.66000000d+02 2.99800000d+02 3.33600000d+02 3.67400000d+02 4.01200000d+02 4.37800000d+02 4.72000000d+02 5.06200000d+02 4.40500000d+02 6.72600000d+02 7.10300000d+02 7.47900000d+02 7.85600000d+02 8.39200000d+02 8.78200000d+02 9.75900000d+02 1.01600000d+03 1.58600000d+03 1.68800000d+03 1.79000000d+03 1.89200000d+03 1.99300000d+03 2.09500000d+03 2.21300000d+03 2.31600000d+03 2.41900000d+03 2.52300000d+03 2.80200000d+03 2.89500000d+03 2.98800000d+03 3.08100000d+03 3.28800000d+03 3.38500000d+03 3.59900000d+03 3.69200000d+03 7.86200000d+03 8.13900000d+03 8.41700000d+03 8.69500000d+03 9.35600000d+03 9.65100000d+03 1.01100000d+04 1.03600000d+04 4.26100000d+04 4.38400000d+04 
5.57690000d+00 1.10590000d+01 1.91773000d+01 4.99532000d+01 6.16201000d+01 7.82800000d+01 9.31200000d+01 1.11200000d+02 1.26700000d+02 1.60700000d+02 1.78000000d+02 2.64200000d+02 2.99400000d+02 3.34700000d+02 3.69900000d+02 4.05100000d+02 4.40400000d+02 4.78800000d+02 5.14500000d+02 5.50200000d+02 5.85900000d+02 7.24000000d+02 7.62800000d+02 8.01700000d+02 8.40500000d+02 8.97200000d+02 9.37500000d+02 1.03900000d+03 1.08100000d+03 1.68500000d+03 1.79000000d+03 1.89400000d+03 1.99800000d+03 2.10300000d+03 2.20700000d+03 2.32900000d+03 2.43500000d+03 2.54100000d+03 2.64700000d+03 2.93200000d+03 3.02700000d+03 3.12200000d+03 3.21800000d+03 3.43600000d+03 3.53600000d+03 3.75400000d+03 3.85000000d+03 8.18900000d+03 8.47200000d+03 8.75600000d+03 9.03900000d+03 9.73700000d+03 1.00400000d+04 1.05100000d+04 1.07600000d+04 4.40400000d+04 4.51300000d+04 
5.53870000d+00 1.08490000d+01 2.01974000d+01 3.67576000d+01 6.55504000d+01 7.76141000d+01 9.52400000d+01 1.10400000d+02 1.29900000d+02 1.45800000d+02 1.82700000d+02 2.00400000d+02 3.00300000d+02 3.36600000d+02 3.72900000d+02 4.09200000d+02 4.45500000d+02 4.81900000d+02 5.23100000d+02 5.59900000d+02 5.96700000d+02 6.33500000d+02 7.75300000d+02 8.15200000d+02 8.55100000d+02 8.95000000d+02 9.65100000d+02 9.96500000d+02 1.10100000d+03 1.14400000d+03 1.78300000d+03 1.89000000d+03 1.99700000d+03 2.10400000d+03 2.21100000d+03 2.31800000d+03 2.44400000d+03 2.55300000d+03 2.66100000d+03 2.77000000d+03 3.06100000d+03 3.15800000d+03 3.25600000d+03 3.35300000d+03 3.58400000d+03 3.68600000d+03 3.90900000d+03 4.00700000d+03 8.52100000d+03 8.81000000d+03 9.09900000d+03 9.38800000d+03 1.01200000d+04 1.04300000d+04 1.09200000d+04 1.11800000d+04 4.57100000d+04 4.68100000d+04 
5.47300000d+00 1.05510000d+01 2.16237000d+01 3.89806000d+01 5.75287000d+01 8.22200000d+01 9.72000000d+01 1.12200000d+02 1.30900000d+02 1.48200000d+02 1.64000000d+02 2.05100000d+02 2.22800000d+02 3.37600000d+02 3.74800000d+02 4.11900000d+02 4.49000000d+02 4.86100000d+02 5.23200000d+02 5.68100000d+02 6.05700000d+02 6.43200000d+02 6.80800000d+02 8.24700000d+02 8.65400000d+02 9.06200000d+02 9.47000000d+02 1.01100000d+03 1.05300000d+03 1.16000000d+03 1.20400000d+03 1.87800000d+03 1.98700000d+03 2.09700000d+03 2.20700000d+03 2.31600000d+03 2.42600000d+03 2.55700000d+03 2.66800000d+03 2.78000000d+03 2.89100000d+03 3.18700000d+03 3.28700000d+03 3.38600000d+03 3.48600000d+03 3.73000000d+03 3.83400000d+03 4.06200000d+03 4.16200000d+03 8.85500000d+03 9.14900000d+03 9.44400000d+03 9.73800000d+03 1.05200000d+04 1.08300000d+04 1.13300000d+04 1.15900000d+04 4.74000000d+04 4.85300000d+04 
5.52500000d+00 1.07250000d+01 2.21436000d+01 4.04188000d+01 6.85300000d+01 8.38100000d+01 9.90900000d+01 1.14400000d+02 1.35500000d+02 1.51700000d+02 1.68500000d+02 1.95000000d+02 2.28000000d+02 2.46200000d+02 3.77300000d+02 4.15400000d+02 4.53600000d+02 4.91700000d+02 5.29900000d+02 5.68000000d+02 6.16000000d+02 6.54600000d+02 6.93200000d+02 7.31800000d+02 8.79300000d+02 9.21100000d+02 9.62900000d+02 1.00500000d+03 1.07200000d+03 1.11600000d+03 1.22500000d+03 1.27000000d+03 1.93000000d+03 2.09200000d+03 2.20500000d+03 2.31700000d+03 2.42900000d+03 2.54100000d+03 2.67800000d+03 2.79100000d+03 2.90500000d+03 3.01900000d+03 3.32100000d+03 3.42300000d+03 3.52500000d+03 3.62700000d+03 3.88400000d+03 3.99100000d+03 4.22300000d+03 4.32600000d+03 9.19900000d+03 9.50000000d+03 9.80000000d+03 1.01000000d+04 1.09200000d+04 1.12400000d+04 1.17500000d+04 1.20200000d+04 4.91400000d+04 5.02900000d+04 
5.55450000d+00 1.08982000d+01 2.31100000d+01 4.10388000d+01 6.97500000d+01 8.53200000d+01 1.00900000d+02 1.16400000d+02 1.38400000d+02 1.55000000d+02 1.74000000d+02 2.01800000d+02 2.29600000d+02 2.51600000d+02 2.70200000d+02 4.18800000d+02 4.58000000d+02 4.97200000d+02 5.36300000d+02 5.75500000d+02 6.14700000d+02 6.65800000d+02 7.05500000d+02 7.45100000d+02 7.84800000d+02 9.35800000d+02 9.78600000d+02 1.02100000d+03 1.06400000d+03 1.13600000d+03 1.18000000d+03 1.29300000d+03 1.33900000d+03 2.08500000d+03 2.20000000d+03 2.31500000d+03 2.43000000d+03 2.54400000d+03 2.65900000d+03 2.80100000d+03 2.91700000d+03 3.03400000d+03 3.15000000d+03 3.45800000d+03 3.56200000d+03 3.66600000d+03 3.77000000d+03 4.04200000d+03 4.15100000d+03 4.38800000d+03 4.49300000d+03 9.55100000d+03 9.85600000d+03 1.01600000d+04 1.04700000d+04 1.13400000d+04 1.16600000d+04 1.21900000d+04 1.24700000d+04 5.09100000d+04 5.20900000d+04 
5.64370000d+00 1.10720000d+01 2.34330000d+01 4.14107000d+01 7.09300000d+01 8.67600000d+01 1.02600000d+02 1.18400000d+02 1.41300000d+02 1.58200000d+02 1.79200000d+02 2.08100000d+02 2.37100000d+02 2.57000000d+02 2.75900000d+02 3.03900000d+02 4.62300000d+02 5.02400000d+02 5.42600000d+02 5.82800000d+02 6.23000000d+02 6.63100000d+02 7.17500000d+02 7.58200000d+02 7.98900000d+02 8.39600000d+02 9.94100000d+02 1.03800000d+03 1.08200000d+03 1.12500000d+03 1.20100000d+03 1.24600000d+03 1.36200000d+03 1.40900000d+03 2.19300000d+03 2.31000000d+03 2.42800000d+03 2.54500000d+03 2.66200000d+03 2.78000000d+03 2.92700000d+03 3.04600000d+03 3.16500000d+03 3.28400000d+03 3.59800000d+03 3.70400000d+03 3.81000000d+03 3.91600000d+03 4.20300000d+03 4.31400000d+03 4.55700000d+03 4.66400000d+03 9.90800000d+03 1.02200000d+04 1.05300000d+04 1.08400000d+04 1.17600000d+04 1.20900000d+04 1.26300000d+04 1.29200000d+04 5.27200000d+04 5.39100000d+04 
5.67040000d+00 1.12410000d+01 2.49208000d+01 4.26506000d+01 7.23300000d+01 8.84700000d+01 1.04600000d+02 1.20700000d+02 1.44100000d+02 1.61400000d+02 1.82700000d+02 2.12700000d+02 2.42800000d+02 2.62600000d+02 2.81900000d+02 3.11500000d+02 3.41600000d+02 5.07800000d+02 5.48900000d+02 5.90100000d+02 6.31300000d+02 6.72400000d+02 7.13600000d+02 7.68600000d+02 8.10400000d+02 8.52100000d+02 8.93900000d+02 1.05400000d+03 1.09900000d+03 1.14300000d+03 1.18800000d+03 1.26700000d+03 1.31300000d+03 1.43300000d+03 1.48100000d+03 2.30300000d+03 2.42300000d+03 2.54300000d+03 2.66300000d+03 2.78300000d+03 2.90300000d+03 3.05400000d+03 3.17600000d+03 3.29800000d+03 3.41900000d+03 3.74000000d+03 3.84800000d+03 3.95700000d+03 4.06500000d+03 4.36700000d+03 4.48100000d+03 4.72900000d+03 4.83800000d+03 1.02700000d+04 1.05900000d+04 1.09100000d+04 1.12200000d+04 1.21900000d+04 1.25300000d+04 1.30900000d+04 1.33700000d+04 5.45600000d+04 5.57800000d+04 
6.14980000d+00 1.20880000d+01 2.06310000d+01 4.40144000d+01 7.19900000d+01 8.89100000d+01 1.05800000d+02 1.22700000d+02 1.43900000d+02 1.64900000d+02 1.82900000d+02 2.12700000d+02 2.45600000d+02 2.68000000d+02 2.88100000d+02 3.18700000d+02 3.51500000d+02 3.84400000d+02 5.59400000d+02 6.01800000d+02 6.44100000d+02 6.86500000d+02 7.28900000d+02 7.71200000d+02 8.28700000d+02 8.71700000d+02 9.14800000d+02 9.57800000d+02 1.12300000d+03 1.16900000d+03 1.21500000d+03 1.26000000d+03 1.34300000d+03 1.39100000d+03 1.51400000d+03 1.56300000d+03 2.42400000d+03 2.54700000d+03 2.66900000d+03 2.79200000d+03 2.91400000d+03 3.03700000d+03 3.19300000d+03 3.31800000d+03 3.44200000d+03 3.56700000d+03 3.89300000d+03 4.00400000d+03 4.11500000d+03 4.22500000d+03 4.54300000d+03 4.66000000d+03 4.91300000d+03 5.02500000d+03 1.06500000d+04 1.09700000d+04 1.13000000d+04 1.16200000d+04 1.26400000d+04 1.29900000d+04 1.35600000d+04 1.38500000d+04 5.64500000d+04 5.77000000d+04 
5.86380000d+00 1.15180000d+01 2.19080000d+01 3.93650000d+01 7.31400000d+01 9.03500000d+01 1.07600000d+02 1.24800000d+02 1.43400000d+02 1.67800000d+02 1.86100000d+02 2.16400000d+02 2.50200000d+02 2.73300000d+02 2.93800000d+02 3.25000000d+02 3.58900000d+02 3.92700000d+02 4.26600000d+02 6.09500000d+02 6.52800000d+02 6.96200000d+02 7.39500000d+02 7.82800000d+02 8.26200000d+02 8.84100000d+02 9.28100000d+02 9.72200000d+02 1.01600000d+03 1.18700000d+03 1.23400000d+03 1.28100000d+03 1.32800000d+03 1.41300000d+03 1.46300000d+03 1.58900000d+03 1.63900000d+03 2.54100000d+03 2.66600000d+03 2.79000000d+03 2.91500000d+03 3.04000000d+03 3.16500000d+03 3.32700000d+03 3.45400000d+03 3.58100000d+03 3.70800000d+03 4.04200000d+03 4.15500000d+03 4.26800000d+03 4.38000000d+03 4.71500000d+03 4.83500000d+03 5.09300000d+03 5.20700000d+03 1.10300000d+04 1.13600000d+04 1.16800000d+04 1.20100000d+04 1.30900000d+04 1.34500000d+04 1.40300000d+04 1.43300000d+04 5.83800000d+04 5.96400000d+04 
5.93890000d+00 1.16670000d+01 2.39100000d+01 4.14107000d+01 7.62800000d+01 9.32600000d+01 1.10300000d+02 1.27200000d+02 1.52300000d+02 1.70500000d+02 1.92200000d+02 2.24100000d+02 2.58600000d+02 2.79100000d+02 2.99600000d+02 3.32700000d+02 3.65800000d+02 3.98800000d+02 4.31900000d+02 4.64900000d+02 6.55100000d+02 6.99300000d+02 7.43400000d+02 7.87500000d+02 8.31600000d+02 8.75700000d+02 9.32100000d+02 9.77000000d+02 1.02200000d+03 1.06700000d+03 1.24400000d+03 1.29200000d+03 1.33900000d+03 1.38700000d+03 1.47500000d+03 1.52500000d+03 1.65600000d+03 1.70700000d+03 2.64900000d+03 2.77600000d+03 2.90400000d+03 3.03100000d+03 3.15900000d+03 3.28600000d+03 3.45200000d+03 3.58100000d+03 3.71100000d+03 3.84100000d+03 4.18300000d+03 4.29800000d+03 4.41300000d+03 4.52800000d+03 4.88100000d+03 5.00200000d+03 5.26600000d+03 5.38300000d+03 1.14000000d+04 1.17400000d+04 1.20700000d+04 1.24100000d+04 1.35400000d+04 1.39100000d+04 1.45100000d+04 1.48100000d+04 6.03300000d+04 6.16200000d+04 
6.02150000d+00 1.18030000d+01 2.28379000d+01 4.25266000d+01 7.75300000d+01 9.47900000d+01 1.12100000d+02 1.29300000d+02 1.54900000d+02 1.73500000d+02 1.96500000d+02 2.29400000d+02 2.62300000d+02 2.84500000d+02 3.05400000d+02 3.39400000d+02 3.73400000d+02 4.07300000d+02 4.41300000d+02 4.75300000d+02 5.09300000d+02 7.07700000d+02 7.52800000d+02 7.97900000d+02 8.43000000d+02 8.88100000d+02 9.33200000d+02 9.90000000d+02 1.03600000d+03 1.08200000d+03 1.12800000d+03 1.31100000d+03 1.35900000d+03 1.40800000d+03 1.45700000d+03 1.54800000d+03 1.60000000d+03 1.73500000d+03 1.78700000d+03 2.76900000d+03 2.89900000d+03 3.02900000d+03 3.15900000d+03 3.28900000d+03 3.41900000d+03 3.59000000d+03 3.72300000d+03 3.85500000d+03 3.98800000d+03 4.33600000d+03 4.45300000d+03 4.57000000d+03 4.68800000d+03 5.05900000d+03 5.18400000d+03 5.45200000d+03 5.57100000d+03 1.17900000d+04 1.21300000d+04 1.24700000d+04 1.28100000d+04 1.40100000d+04 1.43800000d+04 1.50000000d+04 1.53100000d+04 6.23300000d+04 6.36400000d+04 
6.10770000d+00 1.19270000d+01 2.27387000d+01 4.26506000d+01 7.87600000d+01 9.62900000d+01 1.13800000d+02 1.31400000d+02 1.57600000d+02 1.76500000d+02 2.00700000d+02 2.34600000d+02 2.68400000d+02 2.90000000d+02 3.11200000d+02 3.44800000d+02 3.80800000d+02 4.15700000d+02 4.50600000d+02 4.85400000d+02 5.20300000d+02 5.52200000d+02 7.62000000d+02 8.08000000d+02 8.54100000d+02 9.00100000d+02 9.46200000d+02 9.92300000d+02 1.04900000d+03 1.09600000d+03 1.14300000d+03 1.19000000d+03 1.37900000d+03 1.42900000d+03 1.47800000d+03 1.52800000d+03 1.62300000d+03 1.67600000d+03 1.81500000d+03 1.86800000d+03 2.89200000d+03 3.02500000d+03 3.15700000d+03 3.29000000d+03 3.42300000d+03 3.55500000d+03 3.73100000d+03 3.86600000d+03 4.00100000d+03 4.13700000d+03 4.49200000d+03 4.61100000d+03 4.73100000d+03 4.85000000d+03 5.24100000d+03 5.36800000d+03 5.64300000d+03 5.76400000d+03 1.21900000d+04 1.25400000d+04 1.28800000d+04 1.32300000d+04 1.44900000d+04 1.48700000d+04 1.55000000d+04 1.58200000d+04 6.43700000d+04 6.57000000d+04 
6.18431000d+00 1.14930000d+01 2.36810000d+01 4.26506000d+01 7.99800000d+01 9.77700000d+01 1.15600000d+02 1.33400000d+02 1.60200000d+02 1.79500000d+02 2.04800000d+02 2.39500000d+02 2.73700000d+02 2.95400000d+02 3.17700000d+02 3.52400000d+02 3.87200000d+02 4.23900000d+02 4.59600000d+02 4.95400000d+02 5.31100000d+02 5.66900000d+02 6.02600000d+02 8.17900000d+02 8.64900000d+02 9.11900000d+02 9.58900000d+02 1.00600000d+03 1.05300000d+03 1.11000000d+03 1.15800000d+03 1.20600000d+03 1.25400000d+03 1.44900000d+03 1.50000000d+03 1.55000000d+03 1.60100000d+03 1.70000000d+03 1.75400000d+03 1.89700000d+03 1.95100000d+03 3.01800000d+03 3.15300000d+03 3.28800000d+03 3.42300000d+03 3.55800000d+03 3.69300000d+03 3.87400000d+03 4.01200000d+03 4.15000000d+03 4.28800000d+03 4.65000000d+03 4.77200000d+03 4.89400000d+03 5.01500000d+03 5.42700000d+03 5.55700000d+03 5.83700000d+03 5.96100000d+03 1.25900000d+04 1.29500000d+04 1.33000000d+04 1.36500000d+04 1.49800000d+04 1.53700000d+04 1.60200000d+04 1.63400000d+04 6.64500000d+04 6.78100000d+04 
6.25389000d+00 1.21840000d+01 2.50535000d+01 4.35556000d+01 8.11800000d+01 9.92400000d+01 1.17300000d+02 1.35400000d+02 1.62900000d+02 1.82400000d+02 2.08700000d+02 2.44400000d+02 2.78900000d+02 3.00900000d+02 3.24200000d+02 3.59900000d+02 3.95600000d+02 4.31300000d+02 4.68600000d+02 5.05200000d+02 5.41800000d+02 5.78400000d+02 6.14900000d+02 6.51500000d+02 8.75400000d+02 9.23400000d+02 9.71400000d+02 1.01900000d+03 1.06700000d+03 1.11500000d+03 1.17300000d+03 1.22200000d+03 1.27100000d+03 1.32000000d+03 1.52100000d+03 1.57300000d+03 1.62400000d+03 1.67600000d+03 1.77900000d+03 1.83400000d+03 1.98100000d+03 2.03700000d+03 3.14600000d+03 3.28300000d+03 3.42100000d+03 3.55900000d+03 3.69600000d+03 3.83400000d+03 4.02000000d+03 4.16100000d+03 4.30200000d+03 4.44200000d+03 4.81200000d+03 4.93600000d+03 5.06000000d+03 5.18400000d+03 5.61700000d+03 5.74900000d+03 6.03500000d+03 6.16100000d+03 1.30000000d+04 1.33600000d+04 1.37200000d+04 1.40700000d+04 1.54800000d+04 1.58800000d+04 1.65400000d+04 1.68700000d+04 6.85700000d+04 6.99500000d+04 
5.42584500d+00 1.38862000d+01 2.09594000d+01 4.52493000d+01 6.67903000d+01 9.84200000d+01 1.17300000d+02 1.36200000d+02 1.59400000d+02 1.84700000d+02 2.05000000d+02 2.38500000d+02 2.77000000d+02 3.04800000d+02 3.27600000d+02 3.61200000d+02 3.99700000d+02 4.38100000d+02 4.76600000d+02 5.16900000d+02 5.56000000d+02 5.95100000d+02 6.34200000d+02 7.73300000d+02 7.12400000d+02 9.45800000d+02 9.94900000d+02 1.04400000d+03 1.09300000d+03 1.14200000d+03 1.19100000d+03 1.25100000d+03 1.30100000d+03 1.35100000d+03 1.40100000d+03 1.60800000d+03 1.66100000d+03 1.71400000d+03 1.76600000d+03 1.87500000d+03 1.93000000d+03 2.08200000d+03 2.13800000d+03 3.29100000d+03 3.43100000d+03 3.57100000d+03 3.71100000d+03 3.85100000d+03 3.99200000d+03 4.18400000d+03 4.32800000d+03 4.47100000d+03 4.61400000d+03 4.99100000d+03 5.11700000d+03 5.24300000d+03 5.36900000d+03 5.82600000d+03 5.96100000d+03 6.25200000d+03 6.38000000d+03 1.34400000d+04 1.38000000d+04 1.41600000d+04 1.45200000d+04 1.60100000d+04 1.64100000d+04 1.70900000d+04 1.74300000d+04 7.07400000d+04 7.21500000d+04 
6.82510000d+00 1.37800000d+01 2.14400000d+01 3.30800000d+01 6.78200000d+01 9.82300000d+01 1.17900000d+02 1.37500000d+02 1.57100000d+02 1.87300000d+02 2.08900000d+02 2.30000000d+02 2.70400000d+02 3.09500000d+02 3.33100000d+02 3.58500000d+02 3.99500000d+02 4.40400000d+02 4.81300000d+02 5.22300000d+02 5.65300000d+02 6.06600000d+02 6.48000000d+02 6.89400000d+02 7.30800000d+02 7.72200000d+02 1.01500000d+03 1.06500000d+03 1.11500000d+03 1.16600000d+03 1.21600000d+03 1.26600000d+03 1.32800000d+03 1.37900000d+03 1.43100000d+03 1.48200000d+03 1.69500000d+03 1.74900000d+03 1.80200000d+03 1.85600000d+03 1.97000000d+03 2.02700000d+03 2.18200000d+03 2.24000000d+03 3.43700000d+03 3.57900000d+03 3.72200000d+03 3.86500000d+03 4.00700000d+03 4.15000000d+03 4.34900000d+03 4.49500000d+03 4.64100000d+03 4.78700000d+03 5.17100000d+03 5.30000000d+03 5.42800000d+03 5.55600000d+03 6.03700000d+03 6.17400000d+03 6.47100000d+03 6.60200000d+03 1.38700000d+04 1.42400000d+04 1.46100000d+04 1.49800000d+04 1.65400000d+04 1.69500000d+04 1.76500000d+04 1.79900000d+04 7.29600000d+04 7.43900000d+04 
7.54960000d+00 1.44700000d+01 2.34900000d+01 3.63200000d+01 4.91400000d+01 9.26600000d+01 1.18700000d+02 1.39100000d+02 1.59500000d+02 1.79900000d+02 2.13200000d+02 2.35100000d+02 2.61100000d+02 3.04300000d+02 3.38800000d+02 3.63200000d+02 3.96100000d+02 4.39300000d+02 4.82500000d+02 5.25700000d+02 5.68900000d+02 6.14400000d+02 6.57900000d+02 7.01500000d+02 7.45000000d+02 7.88500000d+02 8.32000000d+02 1.08400000d+03 1.13600000d+03 1.18700000d+03 1.23900000d+03 1.29000000d+03 1.34100000d+03 1.40500000d+03 1.45800000d+03 1.51100000d+03 1.56300000d+03 1.78200000d+03 1.83700000d+03 1.89100000d+03 1.94600000d+03 2.06600000d+03 2.12400000d+03 2.28400000d+03 2.34300000d+03 3.58400000d+03 3.72900000d+03 3.87500000d+03 4.02000000d+03 4.16500000d+03 4.31000000d+03 4.51500000d+03 4.66400000d+03 4.81300000d+03 4.96200000d+03 5.35300000d+03 5.48400000d+03 5.61400000d+03 5.74500000d+03 6.25000000d+03 6.39100000d+03 6.69300000d+03 6.82700000d+03 1.43100000d+04 1.46900000d+04 1.50600000d+04 1.54300000d+04 1.70800000d+04 1.75000000d+04 1.82200000d+04 1.85700000d+04 7.52100000d+04 7.66700000d+04 
7.86403000d+00 1.63659000d+01 2.54300000d+01 3.92900000d+01 5.31500000d+01 6.70100000d+01 1.19700000d+02 1.40800000d+02 1.62000000d+02 1.83100000d+02 2.04200000d+02 2.40500000d+02 2.63100000d+02 2.94600000d+02 3.39900000d+02 3.69900000d+02 3.95000000d+02 4.35500000d+02 4.80800000d+02 5.26100000d+02 5.71400000d+02 6.16700000d+02 6.64600000d+02 7.10200000d+02 7.55800000d+02 8.01400000d+02 8.46900000d+02 8.92500000d+02 1.15400000d+03 1.20600000d+03 1.25900000d+03 1.31200000d+03 1.36500000d+03 1.41700000d+03 1.48300000d+03 1.53700000d+03 1.59100000d+03 1.64500000d+03 1.87000000d+03 1.92600000d+03 1.98100000d+03 2.03700000d+03 2.16300000d+03 2.22300000d+03 2.38600000d+03 2.44700000d+03 3.73400000d+03 3.88200000d+03 4.02900000d+03 4.17700000d+03 4.32500000d+03 4.47200000d+03 4.68400000d+03 4.83600000d+03 4.98700000d+03 5.13900000d+03 5.53800000d+03 5.67100000d+03 5.80300000d+03 5.93600000d+03 6.46800000d+03 6.61100000d+03 6.91900000d+03 7.05500000d+03 1.47600000d+04 1.51400000d+04 1.55200000d+04 1.59000000d+04 1.76300000d+04 1.80600000d+04 1.88000000d+04 1.91500000d+04 7.75100000d+04 7.89900000d+04 
7.83350000d+00 1.57300000d+01 2.58900000d+01 4.14900000d+01 5.63300000d+01 7.11700000d+01 8.60100000d+01 1.42900000d+02 1.64800000d+02 1.86600000d+02 2.08400000d+02 2.35900000d+02 2.68200000d+02 2.91700000d+02 3.30000000d+02 3.76600000d+02 4.02500000d+02 4.29100000d+02 4.76300000d+02 5.23600000d+02 5.70900000d+02 6.18100000d+02 6.65400000d+02 7.15600000d+02 7.63200000d+02 8.10900000d+02 8.58500000d+02 9.06200000d+02 9.53800000d+02 1.22500000d+03 1.27800000d+03 1.33200000d+03 1.38600000d+03 1.44000000d+03 1.49400000d+03 1.58300000d+03 1.61800000d+03 1.67300000d+03 1.72800000d+03 1.95900000d+03 2.01600000d+03 2.07300000d+03 2.13000000d+03 2.26200000d+03 2.32300000d+03 2.49100000d+03 2.55300000d+03 3.88600000d+03 4.03600000d+03 4.18600000d+03 4.33700000d+03 4.48700000d+03 4.63700000d+03 4.85600000d+03 5.01000000d+03 5.16400000d+03 5.31800000d+03 5.72500000d+03 5.86000000d+03 5.99500000d+03 6.13000000d+03 6.69000000d+03 6.83500000d+03 7.14900000d+03 7.28800000d+03 1.52100000d+04 1.56000000d+04 1.59800000d+04 1.63700000d+04 1.82000000d+04 1.86300000d+04 1.93900000d+04 1.97500000d+04 7.98500000d+04 8.13600000d+04 
8.43820000d+00 1.63400000d+01 2.77100000d+01 4.27000000d+01 5.92900000d+01 7.50400000d+01 9.08000000d+01 1.06500000d+02 1.67700000d+02 1.90200000d+02 2.12700000d+02 2.35200000d+02 2.69600000d+02 2.97500000d+02 3.21800000d+02 3.67300000d+02 4.10000000d+02 4.36600000d+02 4.69800000d+02 5.18900000d+02 5.68100000d+02 6.17200000d+02 6.66400000d+02 7.15600000d+02 7.67900000d+02 9.17600000d+02 8.67200000d+02 9.16900000d+02 9.66500000d+02 1.10600000d+03 1.29600000d+03 1.35100000d+03 1.40700000d+03 1.46200000d+03 1.51700000d+03 1.57200000d+03 1.64300000d+03 1.69900000d+03 1.75600000d+03 1.81200000d+03 2.04900000d+03 2.10700000d+03 2.16500000d+03 2.22300000d+03 2.36200000d+03 2.42500000d+03 2.59700000d+03 2.66000000d+03 4.04000000d+03 4.19300000d+03 4.34600000d+03 4.49900000d+03 4.65100000d+03 4.80400000d+03 5.03000000d+03 5.18700000d+03 5.34300000d+03 5.50000000d+03 5.91500000d+03 6.05200000d+03 6.19000000d+03 6.32700000d+03 6.91500000d+03 7.06400000d+03 7.38400000d+03 7.52500000d+03 1.56700000d+04 1.60700000d+04 1.64600000d+04 1.68500000d+04 1.87700000d+04 1.92200000d+04 1.99900000d+04 2.03600000d+04 8.22400000d+04 8.37800000d+04 
8.96700000d+00 1.69100000d+01 2.95000000d+01 4.53300000d+01 6.11600000d+01 7.87000000d+01 9.53200000d+01 1.11900000d+02 1.28500000d+02 1.94000000d+02 2.17200000d+02 2.40400000d+02 2.63600000d+02 3.03100000d+02 3.28200000d+02 3.55300000d+02 4.06300000d+02 4.44900000d+02 4.72300000d+02 5.12200000d+02 5.63200000d+02 6.14200000d+02 6.65200000d+02 7.16200000d+02 7.67200000d+02 8.21700000d+02 8.73300000d+02 9.24900000d+02 9.76400000d+02 1.02800000d+03 1.08000000d+03 1.36900000d+03 1.42600000d+03 1.48200000d+03 1.53800000d+03 1.59500000d+03 1.65100000d+03 1.72400000d+03 1.78200000d+03 1.84000000d+03 1.89700000d+03 2.07300000d+03 2.13200000d+03 2.19100000d+03 2.25000000d+03 2.46400000d+03 2.52900000d+03 2.70500000d+03 2.76900000d+03 4.19700000d+03 4.35200000d+03 4.50800000d+03 4.66300000d+03 4.81800000d+03 4.97400000d+03 5.20700000d+03 5.36600000d+03 5.52600000d+03 5.68500000d+03 6.10800000d+03 6.24700000d+03 6.38700000d+03 6.52600000d+03 7.14500000d+03 7.29600000d+03 7.62200000d+03 7.76600000d+03 1.61400000d+04 1.65400000d+04 1.69400000d+04 1.73300000d+04 1.93600000d+04 1.98100000d+04 2.06100000d+04 2.09800000d+04 8.46700000d+04 8.62300000d+04 
8.95880000d+00 1.92400000d+01 3.52500000d+01 5.12700000d+01 6.72800000d+01 8.32800000d+01 1.01000000d+02 1.17900000d+02 1.34900000d+02 1.51700000d+02 2.21100000d+02 2.44900000d+02 2.68600000d+02 2.92400000d+02 3.32400000d+02 3.58300000d+02 3.92300000d+02 4.45000000d+02 4.79100000d+02 5.07100000d+02 5.54000000d+02 6.06800000d+02 6.59500000d+02 7.12300000d+02 7.65100000d+02 8.17800000d+02 8.74300000d+02 9.27800000d+02 9.81200000d+02 1.03500000d+03 1.08800000d+03 1.14200000d+03 1.44100000d+03 1.49800000d+03 1.55600000d+03 1.61300000d+03 1.67100000d+03 1.72900000d+03 1.80400000d+03 1.86300000d+03 1.92200000d+03 1.98100000d+03 2.23100000d+03 2.29100000d+03 2.35200000d+03 2.41200000d+03 2.56600000d+03 2.63100000d+03 2.81200000d+03 2.87800000d+03 4.35400000d+03 4.51200000d+03 4.67000000d+03 4.82800000d+03 4.98500000d+03 5.14300000d+03 5.38400000d+03 5.54600000d+03 5.70800000d+03 5.87000000d+03 6.30100000d+03 6.44300000d+03 6.58400000d+03 6.72600000d+03 7.37700000d+03 7.53100000d+03 7.86300000d+03 8.00900000d+03 1.66100000d+04 1.70200000d+04 1.74200000d+04 1.78200000d+04 1.99600000d+04 2.04200000d+04 2.12300000d+04 2.16100000d+04 8.71500000d+04 8.87400000d+04 
9.22550000d+00 2.05600000d+01 3.73700000d+01 5.41800000d+01 7.09900000d+01 8.78100000d+01 1.04600000d+02 1.23200000d+02 1.40900000d+02 1.58600000d+02 1.76300000d+02 2.50300000d+02 2.74700000d+02 2.99100000d+02 3.23500000d+02 3.65100000d+02 3.91800000d+02 4.32900000d+02 4.87400000d+02 5.16800000d+02 5.45700000d+02 5.99700000d+02 6.54200000d+02 7.08800000d+02 7.63300000d+02 8.17900000d+02 8.72400000d+02 9.30900000d+02 9.86200000d+02 1.04200000d+03 1.09700000d+03 1.15200000d+03 1.20700000d+03 1.51600000d+03 1.57500000d+03 1.63400000d+03 1.69200000d+03 1.75100000d+03 1.81000000d+03 1.88800000d+03 1.94800000d+03 2.00900000d+03 2.06900000d+03 2.32500000d+03 2.38700000d+03 2.44800000d+03 2.51000000d+03 2.67100000d+03 2.73800000d+03 2.92400000d+03 2.99100000d+03 4.51600000d+03 4.67600000d+03 4.83700000d+03 4.99700000d+03 5.15800000d+03 5.31800000d+03 5.56600000d+03 5.73100000d+03 5.83600000d+03 6.06100000d+03 6.50000000d+03 6.64400000d+03 6.78700000d+03 6.93100000d+03 7.61500000d+03 7.77200000d+03 8.11100000d+03 8.25900000d+03 1.70900000d+04 1.75000000d+04 1.79100000d+04 1.83200000d+04 2.05700000d+04 2.10400000d+04 2.18700000d+04 2.22600000d+04 8.96800000d+04 9.12900000d+04 
1.04375000d+01 1.87568700d+01 3.47900000d+01 5.29300000d+01 7.10900000d+01 8.92400000d+01 1.07400000d+02 1.25600000d+02 1.45800000d+02 1.64800000d+02 1.83800000d+02 2.02800000d+02 2.81500000d+02 3.06700000d+02 3.31900000d+02 3.57100000d+02 4.01300000d+02 4.28800000d+02 4.77400000d+02 5.28700000d+02 5.58400000d+02 5.93200000d+02 6.49500000d+02 7.05900000d+02 7.62200000d+02 8.18500000d+02 8.74800000d+02 9.31100000d+02 9.91800000d+02 1.04900000d+03 1.10600000d+03 1.16300000d+03 1.22000000d+03 1.27700000d+03 1.59500000d+03 1.65500000d+03 1.71500000d+03 1.77500000d+03 1.83600000d+03 1.89600000d+03 1.97600000d+03 2.03800000d+03 2.09900000d+03 2.16100000d+03 2.42400000d+03 2.48600000d+03 2.54900000d+03 2.61200000d+03 2.78200000d+03 2.84900000d+03 3.04000000d+03 3.10800000d+03 4.68300000d+03 4.84600000d+03 5.00900000d+03 5.17200000d+03 5.33500000d+03 5.49800000d+03 5.75400000d+03 5.92100000d+03 6.08900000d+03 6.25700000d+03 6.70400000d+03 6.85000000d+03 6.99600000d+03 7.14200000d+03 7.86100000d+03 8.02100000d+03 8.36600000d+03 8.51700000d+03 1.75800000d+04 1.80000000d+04 1.84100000d+04 1.88300000d+04 2.11900000d+04 2.16700000d+04 2.25300000d+04 2.29200000d+04 9.22500000d+04 9.38900000d+04 
6.10820000d+00 1.96800000d+01 3.01800000d+01 5.01700000d+01 6.97000000d+01 8.92300000d+01 1.08800000d+02 1.29300000d+02 1.47800000d+02 1.69800000d+02 1.90100000d+02 2.10300000d+02 2.30500000d+02 3.13900000d+02 3.39900000d+02 3.66000000d+02 3.92100000d+02 4.39100000d+02 4.67600000d+02 5.24100000d+02 5.71100000d+02 6.01700000d+02 6.43300000d+02 7.01400000d+02 7.59500000d+02 8.17500000d+02 8.75600000d+02 9.33700000d+02 9.91700000d+02 1.05500000d+03 1.11300000d+03 1.17200000d+03 1.23100000d+03 1.29000000d+03 1.34900000d+03 1.67600000d+03 1.73700000d+03 1.79900000d+03 1.86000000d+03 1.92100000d+03 1.98300000d+03 2.06600000d+03 2.12900000d+03 2.19200000d+03 2.25500000d+03 2.52400000d+03 2.58800000d+03 2.65200000d+03 2.71600000d+03 2.89400000d+03 2.96300000d+03 3.15900000d+03 3.22900000d+03 4.85400000d+03 5.01900000d+03 5.18400000d+03 5.35000000d+03 5.51500000d+03 5.68100000d+03 5.94500000d+03 6.11500000d+03 6.28600000d+03 6.45600000d+03 6.91200000d+03 7.06000000d+03 7.20800000d+03 7.35700000d+03 8.11300000d+03 8.27500000d+03 8.62600000d+03 8.78000000d+03 1.80800000d+04 1.85000000d+04 1.89200000d+04 1.93400000d+04 2.18300000d+04 2.23200000d+04 2.32000000d+04 2.36000000d+04 9.48800000d+04 9.65400000d+04 
7.41670000d+00 1.55900000d+01 3.22700000d+01 4.35900000d+01 6.72100000d+01 8.79800000d+01 1.08700000d+02 1.29500000d+02 1.50300000d+02 1.71000000d+02 1.94700000d+02 2.16100000d+02 2.37500000d+02 2.58800000d+02 3.46800000d+02 3.73700000d+02 4.00600000d+02 4.27500000d+02 4.77600000d+02 5.07100000d+02 5.71800000d+02 6.14300000d+02 6.45800000d+02 6.94600000d+02 7.54400000d+02 8.14200000d+02 8.74000000d+02 9.33800000d+02 9.93600000d+02 1.05300000d+03 1.11800000d+03 1.17900000d+03 1.24000000d+03 1.30000000d+03 1.36100000d+03 1.42100000d+03 1.75800000d+03 1.82000000d+03 1.88300000d+03 1.94600000d+03 2.00800000d+03 2.07100000d+03 2.15700000d+03 2.22100000d+03 2.28500000d+03 2.35000000d+03 2.62500000d+03 2.69000000d+03 2.75500000d+03 2.82100000d+03 3.00800000d+03 3.07900000d+03 3.27900000d+03 3.35000000d+03 5.02600000d+03 5.19400000d+03 5.36200000d+03 5.53000000d+03 5.69800000d+03 5.86600000d+03 6.13900000d+03 6.31200000d+03 6.48500000d+03 6.65800000d+03 7.12200000d+03 7.27300000d+03 7.42300000d+03 7.57400000d+03 8.36800000d+03 8.53400000d+03 8.89100000d+03 9.04800000d+03 1.85800000d+04 1.90100000d+04 1.94400000d+04 1.98600000d+04 2.24800000d+04 2.29800000d+04 2.38800000d+04 2.42800000d+04 9.75500000d+04 9.92500000d+04 
7.28550000d+00 1.71500000d+01 2.68500000d+01 4.60600000d+01 5.81600000d+01 8.57800000d+01 1.07700000d+02 1.29600000d+02 1.51400000d+02 1.73300000d+02 1.95200000d+02 2.20500000d+02 2.43000000d+02 2.65600000d+02 2.88100000d+02 3.80900000d+02 4.08600000d+02 4.36400000d+02 4.64100000d+02 5.17400000d+02 5.47800000d+02 6.21300000d+02 6.58800000d+02 6.91200000d+02 7.47500000d+02 8.09000000d+02 8.70600000d+02 9.32100000d+02 9.93600000d+02 1.05500000d+03 1.11700000d+03 1.18400000d+03 1.24600000d+03 1.30800000d+03 1.37100000d+03 1.43300000d+03 1.49600000d+03 1.84100000d+03 1.90500000d+03 1.96900000d+03 2.03300000d+03 2.09700000d+03 2.16100000d+03 2.24900000d+03 2.31500000d+03 2.38000000d+03 2.44600000d+03 2.72900000d+03 2.79500000d+03 2.86100000d+03 2.92700000d+03 3.12500000d+03 3.19700000d+03 3.40200000d+03 3.47400000d+03 5.20200000d+03 5.37200000d+03 5.54300000d+03 5.71300000d+03 5.88400000d+03 6.05400000d+03 6.33500000d+03 6.51100000d+03 6.68700000d+03 6.86300000d+03 7.33600000d+03 7.48900000d+03 7.64200000d+03 7.79500000d+03 8.62900000d+03 8.79700000d+03 9.16100000d+03 9.32100000d+03 1.91000000d+04 1.95300000d+04 1.99600000d+04 2.03900000d+04 2.31500000d+04 2.36500000d+04 2.45800000d+04 2.49900000d+04 1.00300000d+05 1.02000000d+05 
8.41400000d+00 1.71800000d+01 2.90100000d+01 3.95900000d+01 6.12600000d+01 7.40800000d+01 1.05700000d+02 1.28700000d+02 1.51700000d+02 1.74600000d+02 1.97600000d+02 2.20500000d+02 2.47300000d+02 2.70900000d+02 2.94600000d+02 3.18200000d+02 4.15800000d+02 4.44400000d+02 4.73000000d+02 5.01600000d+02 5.58200000d+02 5.89600000d+02 6.71200000d+02 7.04500000d+02 7.38700000d+02 8.01900000d+02 8.65100000d+02 9.28300000d+02 9.91500000d+02 1.05500000d+03 1.11800000d+03 1.18100000d+03 1.25000000d+03 1.31500000d+03 1.37900000d+03 1.44300000d+03 1.50700000d+03 1.57100000d+03 1.92600000d+03 1.99100000d+03 2.05600000d+03 2.12100000d+03 2.18600000d+03 2.25100000d+03 2.34300000d+03 2.41000000d+03 2.47700000d+03 2.54400000d+03 2.83300000d+03 2.90000000d+03 2.96800000d+03 3.03500000d+03 3.24300000d+03 3.31700000d+03 3.52700000d+03 3.60100000d+03 5.38000000d+03 5.55300000d+03 5.72600000d+03 5.89900000d+03 6.07200000d+03 6.24500000d+03 6.53500000d+03 6.71400000d+03 6.89300000d+03 7.07100000d+03 7.55200000d+03 7.70800000d+03 7.86300000d+03 8.01800000d+03 8.89500000d+03 9.06600000d+03 9.43600000d+03 9.59900000d+03 1.96100000d+04 2.00500000d+04 2.04900000d+04 2.09300000d+04 2.38300000d+04 2.43400000d+04 2.52900000d+04 2.57100000d+04 1.03100000d+05 1.04800000d+05 
9.22400000d+00 1.91000000d+01 2.89800000d+01 4.22800000d+01 5.36600000d+01 7.77900000d+01 9.13000000d+01 1.27000000d+02 1.61000000d+02 1.75000000d+02 1.99000000d+02 2.22900000d+02 2.46900000d+02 2.75100000d+02 2.99900000d+02 3.24600000d+02 3.49300000d+02 4.51600000d+02 4.81100000d+02 5.10500000d+02 5.40000000d+02 6.00200000d+02 6.32500000d+02 7.17100000d+02 7.51300000d+02 7.92800000d+02 8.57700000d+02 9.22600000d+02 9.87500000d+02 1.05200000d+03 1.11700000d+03 1.18200000d+03 1.24700000d+03 1.31900000d+03 1.38400000d+03 1.45000000d+03 1.51600000d+03 1.58200000d+03 1.64700000d+03 2.01200000d+03 2.07600000d+03 2.14400000d+03 2.21100000d+03 2.27700000d+03 2.34400000d+03 2.43800000d+03 2.50700000d+03 2.57500000d+03 2.64300000d+03 2.93900000d+03 3.00800000d+03 3.07600000d+03 3.14500000d+03 3.36400000d+03 3.43800000d+03 3.65400000d+03 3.72900000d+03 5.56000000d+03 5.73600000d+03 5.91200000d+03 6.08700000d+03 6.26300000d+03 6.43800000d+03 6.73800000d+03 6.91900000d+03 7.10100000d+03 7.28200000d+03 7.77200000d+03 7.93000000d+03 8.08700000d+03 8.24500000d+03 9.16500000d+03 9.34000000d+03 9.71700000d+03 9.88200000d+03 2.01400000d+04 2.05800000d+04 2.10300000d+04 2.14700000d+04 2.45200000d+04 2.50400000d+04 2.60200000d+04 2.64500000d+04 1.05900000d+05 1.07700000d+05 
1.07485000d+01 2.09900000d+01 3.15200000d+01 4.20600000d+01 5.68500000d+01 6.89900000d+01 9.55800000d+01 1.09800000d+02 1.49600000d+02 1.74600000d+02 1.99600000d+02 2.24500000d+02 2.49500000d+02 2.74500000d+02 3.04100000d+02 3.29900000d+02 3.55600000d+02 3.81400000d+02 4.88400000d+02 5.18800000d+02 5.49100000d+02 5.79400000d+02 6.43300000d+02 6.76500000d+02 7.64200000d+02 7.99300000d+02 8.48500000d+02 9.15000000d+02 9.81600000d+02 1.04800000d+03 1.11500000d+03 1.18100000d+03 1.24800000d+03 1.31400000d+03 1.38800000d+03 1.45600000d+03 1.52300000d+03 1.59000000d+03 1.65800000d+03 1.72500000d+03 2.09900000d+03 2.16700000d+03 2.23400000d+03 2.30200000d+03 2.37000000d+03 2.43700000d+03 2.53500000d+03 2.60500000d+03 2.67400000d+03 2.74400000d+03 3.04700000d+03 3.11600000d+03 3.19600000d+03 3.25600000d+03 3.48600000d+03 3.56300000d+03 3.78300000d+03 3.85900000d+03 5.74400000d+03 5.92200000d+03 6.10000000d+03 6.27800000d+03 6.45600000d+03 6.63500000d+03 6.94300000d+03 7.12300000d+03 7.31200000d+03 7.49600000d+03 7.99500000d+03 8.15500000d+03 8.31500000d+03 8.47500000d+03 9.44100000d+03 9.61900000d+03 1.00000000d+04 1.01700000d+04 2.06700000d+04 2.11200000d+04 2.15700000d+04 2.20200000d+04 2.52300000d+04 2.57600000d+04 2.67500000d+04 2.71900000d+04 1.08800000d+05 1.10600000d+05 
