ACCOME  EQDSK   FORMAT  FOR     CQL3-D      -AT    0  65  65
 0.414062500E+01 0.824583340E+01 0.677190161E+01 0.423437500E+01 0.000000000E+00
 0.677190161E+01 0.000000000E+00-0.508973980E+01 0.509483460E-02 0.475199223E+01
 0.764153250E+07-0.508973980E+01-0.508973980E+01 0.677190161E+01 0.677190161E+01
 0.000000000E+00 0.497221082E+00 0.000000000E+00 0.000000000E+00 0.000000000E+00
 0.321800270E+02 0.321830978E+02 0.321881523E+02 0.321960411E+02 0.322062149E+02
 0.322184563E+02 0.322326851E+02 0.322487297E+02 0.322663994E+02 0.322854996E+02
 0.323058052E+02 0.323270874E+02 0.323491173E+02 0.323716927E+02 0.323946190E+02
 0.324177094E+02 0.324407768E+02 0.324636383E+02 0.324861107E+02 0.325079994E+02
 0.325291100E+02 0.325492554E+02 0.325682755E+02 0.325860558E+02 0.326025047E+02
 0.326175613E+02 0.326311874E+02 0.326433678E+02 0.326541328E+02 0.326635323E+02
 0.326716461E+02 0.326785507E+02 0.326843300E+02 0.326890678E+02 0.326928444E+02
 0.326957397E+02 0.326978378E+02 0.326992226E+02 0.326999779E+02 0.327001991E+02
 0.326999817E+02 0.326994247E+02 0.326986313E+02 0.326977043E+02 0.326967506E+02
 0.326958656E+02 0.326951485E+02 0.326946793E+02 0.326945190E+02 0.326947174E+02
 0.326953125E+02 0.326963234E+02 0.326977539E+02 0.326995888E+02 0.327018013E+02
 0.327043419E+02 0.327071609E+02 0.327101822E+02 0.327133179E+02 0.327165184E+02
 0.327197685E+02 0.327229576E+02 0.327256126E+02 0.327266541E+02 0.327263374E+02
 0.718808174E+00 0.713124514E+00 0.705817878E+00 0.696171820E+00 0.684600890E+00
 0.671256065E+00 0.656174242E+00 0.639479876E+00 0.621303499E+00 0.601779103E+00
 0.581072688E+00 0.559359431E+00 0.536814690E+00 0.513605773E+00 0.489895582E+00
 0.465845376E+00 0.441615939E+00 0.417367488E+00 0.393258601E+00 0.369451970E+00
 0.346115232E+00 0.323408335E+00 0.301475614E+00 0.280433059E+00 0.260379016E+00
 0.241397724E+00 0.223559529E+00 0.206915230E+00 0.191490963E+00 0.177285388E+00
 0.164278269E+00 0.152432799E+00 0.141701236E+00 0.132026464E+00 0.123340391E+00
 0.115568325E+00 0.108630121E+00 0.102441929E+00 0.969174951E-01 0.919687301E-01
 0.875094160E-01 0.834558606E-01 0.797281042E-01 0.762491450E-01 0.729454681E-01
 0.697495565E-01 0.666002929E-01 0.634455383E-01 0.602414161E-01 0.569513887E-01
 0.535464175E-01 0.500035845E-01 0.463065840E-01 0.424467437E-01 0.384232625E-01
 0.342459679E-01 0.299304519E-01 0.255029835E-01 0.210184287E-01 0.165086444E-01
 0.119788805E-01 0.752769224E-02 0.358884712E-02 0.116074388E-02-0.564696588E-10
 0.619505227E+00 0.167082512E+01 0.269377089E+01 0.366326809E+01 0.456129742E+01
 0.539056110E+01 0.615863466E+01 0.686309719E+01 0.749339104E+01 0.803550053E+01
 0.848265839E+01 0.883558941E+01 0.910219574E+01 0.928935719E+01 0.940102100E+01
 0.943625259E+01 0.939587688E+01 0.928161049E+01 0.909123802E+01 0.882051086E+01
 0.846570110E+01 0.803683853E+01 0.755051947E+01 0.702371264E+01 0.646678782E+01
 0.588622761E+01 0.529351711E+01 0.470275259E+01 0.412915277E+01 0.358347940E+01
 0.307171726E+01 0.259376216E+01 0.214893460E+01 0.173698056E+01 0.135856426E+01
 0.101384127E+01 0.702298760E+00 0.425534248E+00 0.185946032E+00-0.144992825E-01
-0.174595967E+00-0.293552220E+00-0.370079309E+00-0.403312743E+00-0.393404245E+00
-0.342737198E+00-0.255652726E+00-0.138667405E+00 0.168594148E-02 0.159192577E+00
 0.328041196E+00 0.502043068E+00 0.674398422E+00 0.838355839E+00 0.986612201E+00
 0.111104786E+01 0.121095181E+01 0.128518820E+01 0.130924785E+01 0.131221294E+01
 0.136718988E+01 0.130358350E+01 0.925410330E+00 0.234986231E+00-0.647066116E+00
-0.700793415E-01-0.103321806E+00-0.136065349E+00-0.167674899E+00-0.197437763E+00
-0.225362718E+00-0.251660854E+00-0.276249200E+00-0.298804730E+00-0.318887502E+00
-0.336211175E+00-0.350691408E+00-0.362455636E+00-0.371637166E+00-0.378305405E+00
-0.382400930E+00-0.383941799E+00-0.382997036E+00-0.379545033E+00-0.373487085E+00
-0.364704728E+00-0.353449702E+00-0.340145618E+00-0.325212479E+00-0.308880717E+00
-0.291272551E+00-0.272662103E+00-0.253425360E+00-0.234010801E+00-0.214801967E+00
-0.196093544E+00-0.178052887E+00-0.160841063E+00-0.144624144E+00-0.129552901E+00
-0.115727901E+00-0.103191838E+00-0.920045227E-01-0.822135061E-01-0.738156214E-01
-0.667670295E-01-0.610034056E-01-0.564824119E-01-0.531566888E-01-0.509599708E-01
-0.497887991E-01-0.495162196E-01-0.500000864E-01-0.511114076E-01-0.527362414E-01
-0.547736436E-01-0.571210012E-01-0.596690103E-01-0.623052791E-01-0.648846701E-01
-0.672040507E-01-0.692380443E-01-0.708843693E-01-0.712094232E-01-0.709876344E-01
-0.724039003E-01-0.697263852E-01-0.562643223E-01-0.315241851E-01 0.335361692E-03
-0.170017421E+00-0.217789680E+00-0.259688854E+00-0.295516849E+00-0.324481040E+00
-0.347176731E+00-0.363363177E+00-0.372368664E+00-0.374785602E+00-0.370283365E+00
-0.358357698E+00-0.339560181E+00-0.313471645E+00-0.279751629E+00-0.238919199E+00
-0.190457821E+00-0.134217829E+00-0.706628412E-01 0.776208006E-03 0.800546110E-01
 0.166734174E+00 0.261465877E+00 0.363952637E+00 0.473849773E+00 0.591832817E+00
 0.717430949E+00 0.850333333E+00 0.991260648E+00 0.113955176E+01 0.129496610E+01
 0.145823205E+01 0.162851894E+01 0.180561805E+01 0.199030197E+01 0.218152928E+01
 0.237924099E+01 0.258394575E+01 0.279469538E+01 0.301145983E+01 0.323446941E+01
 0.346289396E+01 0.369668674E+01 0.393585777E+01 0.417965937E+01 0.442800331E+01
 0.468071604E+01 0.493712473E+01 0.519708920E+01 0.546027470E+01 0.572607803E+01
 0.599431849E+01 0.626453209E+01 0.653622627E+01 0.680911446E+01 0.708271599E+01
 0.735664606E+01 0.763051414E+01 0.790392780E+01 0.817659283E+01 0.844805717E+01
 0.871809483E+01 0.898649883E+01 0.925281715E+01 0.951702309E+01 0.977902794E+01
 0.350806713E-01-0.167230964E-01-0.631170869E-01-0.103904635E+00-0.138359100E+00
-0.167010859E+00-0.189612255E+00-0.205537438E+00-0.215310141E+00-0.218611181E+00
-0.214936942E+00-0.204790324E+00-0.187740237E+00-0.163453102E+00-0.132342964E+00
-0.939105675E-01-0.479596183E-01 0.511626061E-02 0.658810437E-01 0.134312645E+00
 0.210009202E+00 0.293606788E+00 0.384839952E+00 0.483371794E+00 0.589900494E+00
 0.703952849E+00 0.825247049E+00 0.954517603E+00 0.109110475E+01 0.123479056E+01
 0.138631380E+01 0.154484797E+01 0.171020532E+01 0.188316262E+01 0.206268573E+01
 0.224874210E+01 0.244182801E+01 0.264102507E+01 0.284630275E+01 0.305792427E+01
 0.327505422E+01 0.349766898E+01 0.372580433E+01 0.395871496E+01 0.419636345E+01
 0.443857288E+01 0.468470716E+01 0.493468666E+01 0.518817806E+01 0.544462872E+01
 0.570391273E+01 0.596559620E+01 0.622923565E+01 0.649461079E+01 0.676129246E+01
 0.702890205E+01 0.729717398E+01 0.756573582E+01 0.783428574E+01 0.810253620E+01
 0.837021446E+01 0.863712025E+01 0.890294743E+01 0.916760063E+01 0.943097305E+01
 0.217443138E+00 0.161442816E+00 0.110390462E+00 0.644946620E-01 0.244206041E-01
-0.102918595E-01-0.394199267E-01-0.623448566E-01-0.795667991E-01-0.907376036E-01
-0.954091698E-01-0.939903259E-01-0.860949755E-01-0.713194907E-01-0.500433147E-01
-0.217222646E-01 0.139303952E-01 0.565517321E-01 0.106760494E+00 0.164519802E+00
 0.229432270E+00 0.302133381E+00 0.382385969E+00 0.469861716E+00 0.565251231E+00
 0.668128967E+00 0.778225124E+00 0.896257102E+00 0.102160895E+01 0.115405703E+01
 0.129439354E+01 0.144176579E+01 0.159599590E+01 0.175789320E+01 0.192642617E+01
 0.210157037E+01 0.228385544E+01 0.247234392E+01 0.266703176E+01 0.286819601E+01
 0.307502317E+01 0.328748417E+01 0.350565672E+01 0.372878838E+01 0.395688057E+01
 0.418978834E+01 0.442688274E+01 0.466810799E+01 0.491319370E+01 0.516158104E+01
 0.541318607E+01 0.566766071E+01 0.592451143E+01 0.618365002E+01 0.644462872E+01
 0.670710325E+01 0.697091293E+01 0.723565435E+01 0.750109339E+01 0.776699638E+01
 0.803309155E+01 0.829919147E+01 0.856507969E+01 0.883063126E+01 0.909569550E+01
 0.373635709E+00 0.313187540E+00 0.257260710E+00 0.206035703E+00 0.160162210E+00
 0.119197622E+00 0.833860338E-01 0.532677099E-01 0.284449309E-01 0.920195505E-02
-0.399364531E-02-0.115355477E-01-0.130273234E-01-0.809569564E-02 0.293530757E-02
 0.206736587E-01 0.457157418E-01 0.778163746E-01 0.117628954E+00 0.164904296E+00
 0.219226614E+00 0.281278253E+00 0.350808740E+00 0.427526236E+00 0.512127697E+00
 0.604208589E+00 0.703506589E+00 0.810785413E+00 0.925420523E+00 0.104721415E+01
 0.117696357E+01 0.131383622E+01 0.145767546E+01 0.160928977E+01 0.176767063E+01
 0.193279350E+01 0.210520434E+01 0.228398180E+01 0.246912742E+01 0.266094303E+01
 0.285860348E+01 0.306211615E+01 0.327157116E+01 0.348622274E+01 0.370608568E+01
 0.393106151E+01 0.416050243E+01 0.439439678E+01 0.463249826E+01 0.487426472E+01
 0.511966181E+01 0.536832952E+01 0.561982536E+01 0.587407732E+01 0.613070917E+01
 0.638935280E+01 0.664991522E+01 0.691201830E+01 0.717539644E+01 0.743993378E+01
 0.770531940E+01 0.797137737E+01 0.823797607E+01 0.850491714E+01 0.877208900E+01
 0.510129690E+00 0.445033818E+00 0.384044886E+00 0.327306509E+00 0.275450379E+00
 0.228069544E+00 0.185386702E+00 0.147929505E+00 0.115316257E+00 0.878390223E-01
 0.659307316E-01 0.492285155E-01 0.380799994E-01 0.328051485E-01 0.332074836E-01
 0.404801667E-01 0.549408495E-01 0.762739927E-01 0.105109274E+00 0.141442373E+00
 0.185019076E+00 0.236514136E+00 0.295384854E+00 0.361534685E+00 0.435565978E+00
 0.517094612E+00 0.605886102E+00 0.702723265E+00 0.807012677E+00 0.918553770E+00
 0.103817928E+01 0.116505873E+01 0.129904819E+01 0.144097459E+01 0.158983779E+01
 0.174561036E+01 0.190888333E+01 0.207872128E+01 0.225512481E+01 0.243845010E+01
 0.262782812E+01 0.282331944E+01 0.302501345E+01 0.323216629E+01 0.344481373E+01
 0.366289210E+01 0.388573265E+01 0.411336088E+01 0.434556580E+01 0.458178329E+01
 0.482202053E+01 0.506596231E+01 0.531314850E+01 0.556355762E+01 0.581682205E+01
 0.607257462E+01 0.633080578E+01 0.659109688E+01 0.685323048E+01 0.711711121E+01
 0.738245153E+01 0.764902544E+01 0.791682625E+01 0.818558121E+01 0.845517826E+01
 0.624016821E+00 0.554026544E+00 0.487726867E+00 0.425262094E+00 0.367187440E+00
 0.313157856E+00 0.263390541E+00 0.218358874E+00 0.177743018E+00 0.141810805E+00
 0.110970154E+00 0.848992318E-01 0.639556348E-01 0.484739840E-01 0.387691446E-01
 0.357129872E-01 0.395376645E-01 0.499216430E-01 0.675065890E-01 0.924036503E-01
 0.124371141E+00 0.164152086E+00 0.211650878E+00 0.266696185E+00 0.329912901E+00
 0.400962681E+00 0.479381502E+00 0.566109061E+00 0.660448968E+00 0.762196898E+00
 0.872211814E+00 0.989667296E+00 0.111442888E+01 0.124736500E+01 0.138744986E+01
 0.153468239E+01 0.168968081E+01 0.185148191E+01 0.202010822E+01 0.219595385E+01
 0.237811780E+01 0.256667447E+01 0.276174879E+01 0.296258330E+01 0.316921806E+01
 0.338161397E+01 0.359909368E+01 0.382172155E+01 0.404928684E+01 0.428121090E+01
 0.451756334E+01 0.475800991E+01 0.500208569E+01 0.524983597E+01 0.550087738E+01
 0.575484705E+01 0.601177788E+01 0.627126598E+01 0.653304005E+01 0.679713345E+01
 0.706316805E+01 0.733095598E+01 0.760054207E+01 0.787160397E+01 0.814402866E+01
 0.721079946E+00 0.645995021E+00 0.574192762E+00 0.505803943E+00 0.441320270E+00
 0.380467594E+00 0.323413134E+00 0.270627350E+00 0.221808732E+00 0.177231163E+00
 0.137259230E+00 0.101635508E+00 0.706984326E-01 0.452753827E-01 0.255688466E-01
 0.121033043E-01 0.514686853E-02 0.446569920E-02 0.107108727E-01 0.240626484E-01
 0.443237200E-01 0.722816214E-01 0.107914977E+00 0.151048273E+00 0.202568650E+00
 0.262176275E+00 0.329660892E+00 0.406041473E+00 0.490467101E+00 0.582748175E+00
 0.683528066E+00 0.791982830E+00 0.907983661E+00 0.103245115E+01 0.116434121E+01
 0.130364645E+01 0.145103621E+01 0.160550833E+01 0.176712227E+01 0.193626857E+01
 0.211205506E+01 0.229453850E+01 0.248389125E+01 0.267931032E+01 0.288087130E+01
 0.308854961E+01 0.330163455E+01 0.352023458E+01 0.374412966E+01 0.397274351E+01
 0.420615482E+01 0.444405746E+01 0.468597269E+01 0.493196487E+01 0.518166828E+01
 0.543468952E+01 0.569112253E+01 0.595055199E+01 0.621268749E+01 0.647762585E+01
 0.674495220E+01 0.701448536E+01 0.728631210E+01 0.756008244E+01 0.783566570E+01
 0.798607111E+00 0.718211174E+00 0.640665054E+00 0.566113710E+00 0.494991004E+00
 0.427051485E+00 0.362484068E+00 0.301682949E+00 0.244416237E+00 0.190907806E+00
 0.141516760E+00 0.960183144E-01 0.551967584E-01 0.199001022E-01-0.100846365E-01
-0.342475623E-01-0.522565469E-01-0.642568842E-01-0.695574209E-01-0.679312423E-01
-0.595300049E-01-0.435187668E-01-0.198877305E-01 0.112298429E-01 0.507751107E-01
 0.984853953E-01 0.154247582E+00 0.219093695E+00 0.292478472E+00 0.374282390E+00
 0.465432227E+00 0.565021694E+00 0.672669053E+00 0.789337575E+00 0.913706422E+00
 0.104584837E+01 0.118645334E+01 0.133449793E+01 0.149002647E+01 0.165347636E+01
 0.182390451E+01 0.200140476E+01 0.218613195E+01 0.237727976E+01 0.257493639E+01
 0.277907753E+01 0.298897743E+01 0.320474434E+01 0.342617989E+01 0.365267897E+01
 0.388435078E+01 0.412087488E+01 0.436176062E+01 0.460711336E+01 0.485654068E+01
 0.510965157E+01 0.536655998E+01 0.562685108E+01 0.589022255E+01 0.615678978E+01
 0.642614269E+01 0.669807625E+01 0.697272587E+01 0.724969816E+01 0.752886915E+01
 0.861536145E+00 0.775625825E+00 0.692160010E+00 0.611249089E+00 0.533303738E+00
 0.458092868E+00 0.385797918E+00 0.316782355E+00 0.250836492E+00 0.188203141E+00
 0.129214719E+00 0.738131851E-01 0.231117904E-01-0.224694759E-01-0.631656572E-01
-0.984139070E-01-0.127822846E+00-0.151443779E+00-0.168574303E+00-0.178925693E+00
-0.182598144E+00-0.178724408E+00-0.167229891E+00-0.148211986E+00-0.120687544E+00
-0.848586857E-01-0.408474356E-01 0.124178231E-01 0.744252205E-01 0.145105228E+00
 0.225609601E+00 0.315113336E+00 0.413568437E+00 0.522099197E+00 0.639310181E+00
 0.764948010E+00 0.899440885E+00 0.104178667E+01 0.119200492E+01 0.135056996E+01
 0.151649857E+01 0.168987262E+01 0.187090540E+01 0.205872989E+01 0.225343537E+01
 0.245501089E+01 0.266269779E+01 0.287662315E+01 0.309658694E+01 0.332195020E+01
 0.355284262E+01 0.378893042E+01 0.402971554E+01 0.427532721E+01 0.452533722E+01
 0.477937317E+01 0.503755283E+01 0.529944611E+01 0.556473541E+01 0.583359909E+01
 0.610557175E+01 0.638044453E+01 0.665838337E+01 0.693897629E+01 0.722208452E+01
 0.907641888E+00 0.816011846E+00 0.726403594E+00 0.638926566E+00 0.553914189E+00
 0.471202731E+00 0.390929639E+00 0.313414276E+00 0.238493070E+00 0.166368976E+00
 0.974832326E-01 0.322800577E-01-0.287133381E-01-0.851928890E-01-0.137236536E+00
-0.184247762E+00-0.225649372E+00-0.261462450E+00-0.290933400E+00-0.313750982E+00
-0.329968512E+00-0.338647217E+00-0.339652061E+00-0.333004028E+00-0.317624062E+00
-0.293703735E+00-0.261429399E+00-0.219643608E+00-0.168850943E+00-0.109123021E+00
-0.392491817E-01 0.399497449E-01 0.128442794E+00 0.227528036E+00 0.336041689E+00
 0.454077631E+00 0.582506597E+00 0.719826996E+00 0.865739167E+00 0.102044284E+01
 0.118296897E+01 0.135337901E+01 0.153190517E+01 0.171760678E+01 0.191061473E+01
 0.211089563E+01 0.231764483E+01 0.253100276E+01 0.275076413E+01 0.297623920E+01
 0.320760202E+01 0.344447231E+01 0.368634582E+01 0.393334723E+01 0.418506670E+01
 0.444107437E+01 0.470153379E+01 0.496598434E+01 0.523409843E+01 0.550606203E+01
 0.578140545E+01 0.605989838E+01 0.634175825E+01 0.662651443E+01 0.691402960E+01
 0.941608429E+00 0.844111025E+00 0.748218536E+00 0.654013634E+00 0.561776757E+00
 0.471385300E+00 0.382945240E+00 0.296741605E+00 0.212602615E+00 0.130672306E+00
 0.520484969E-01-0.232886523E-01-0.950957388E-01-0.163002640E+00-0.226991579E+00
-0.286327034E+00-0.340217173E+00-0.388644367E+00-0.430902541E+00-0.466660142E+00
-0.495878786E+00-0.517584682E+00-0.531551301E+00-0.537723839E+00-0.534902513E+00
-0.523156464E+00-0.502864182E+00-0.472683102E+00-0.433049977E+00-0.384205699E+00
-0.324789226E+00-0.255632162E+00-0.176779926E+00-0.868562162E-01 0.129120052E-01
 0.122673452E+00 0.243535832E+00 0.374292821E+00 0.515142977E+00 0.666603267E+00
 0.826665342E+00 0.995108545E+00 0.117212009E+01 0.135674942E+01 0.154912364E+01
 0.174916553E+01 0.195605898E+01 0.216993260E+01 0.239055228E+01 0.261720514E+01
 0.285005713E+01 0.308872747E+01 0.333266306E+01 0.358201313E+01 0.383634043E+01
 0.409519911E+01 0.435876036E+01 0.462654352E+01 0.489821339E+01 0.517396784E+01
 0.545329475E+01 0.573598671E+01 0.602226305E+01 0.631161499E+01 0.660392189E+01
 0.961981535E+00 0.858455300E+00 0.756114423E+00 0.655026555E+00 0.555405736E+00
 0.457165360E+00 0.360400081E+00 0.265319824E+00 0.171818182E+00 0.802563056E-01
-0.844682753E-02-0.945150554E-01-0.177718252E+00-0.257411182E+00-0.333247125E+00
-0.404553294E+00-0.470842451E+00-0.532059729E+00-0.587407351E+00-0.636428177E+00
-0.679047346E+00-0.714231789E+00-0.741725743E+00-0.761455774E+00-0.772207141E+00
-0.774039507E+00-0.766920865E+00-0.749470592E+00-0.722118616E+00-0.684985518E+00
-0.636513948E+00-0.577551663E+00-0.508321166E+00-0.427241743E+00-0.335745901E+00
-0.233702764E+00-0.119957864E+00 0.419381261E-02 0.138962328E+00 0.285154462E+00
 0.441551775E+00 0.608066201E+00 0.784560680E+00 0.969473481E+00 0.116264296E+01
 0.136391306E+01 0.157239246E+01 0.178820944E+01 0.201111245E+01 0.224032784E+01
 0.247604036E+01 0.271783972E+01 0.296512508E+01 0.321806479E+01 0.347618675E+01
 0.373902798E+01 0.400676394E+01 0.427888966E+01 0.455505562E+01 0.483546352E+01
 0.511959887E+01 0.540722084E+01 0.569854927E+01 0.599310112E+01 0.629070759E+01
 0.972729802E+00 0.863083959E+00 0.754204512E+00 0.646139860E+00 0.539042473E+00
 0.432847679E+00 0.327633798E+00 0.223561406E+00 0.120629482E+00 0.194415897E-01
-0.795557350E-01-0.176581189E+00-0.271141350E+00-0.362206101E+00-0.449744254E+00
-0.533224344E+00-0.612111926E+00-0.686247945E+00-0.754755676E+00-0.817136645E+00
-0.873237491E+00-0.922033012E+00-0.963216424E+00-0.996695042E+00-0.102123249E+01
-0.103683317E+01-0.104340672E+01-0.103951490E+01-0.102551758E+01-0.100128853E+01
-0.965183973E+00-0.917999148E+00-0.859616697E+00-0.788263679E+00-0.705478430E+00
-0.611054182E+00-0.503926277E+00-0.385773480E+00-0.256346434E+00-0.114872992E+00
 0.373371243E-01 0.200556651E+00 0.375279784E+00 0.560261071E+00 0.755065262E+00
 0.958810031E+00 0.117012274E+01 0.138911819E+01 0.161550641E+01 0.184849238E+01
 0.208821225E+01 0.233425713E+01 0.258598113E+01 0.284355330E+01 0.310646534E+01
 0.337423325E+01 0.364703655E+01 0.392434549E+01 0.420578814E+01 0.449157476E+01
 0.478117180E+01 0.507432461E+01 0.537127113E+01 0.567148304E+01 0.597481060E+01
 0.972884536E+00 0.857055306E+00 0.741573572E+00 0.626465976E+00 0.511817336E+00
 0.397594094E+00 0.283841580E+00 0.170626670E+00 0.583834276E-01-0.524892956E-01
-0.161984861E+00-0.269828022E+00-0.375214577E+00-0.477676511E+00-0.577136576E+00
-0.672951519E+00-0.764516711E+00-0.851572633E+00-0.933240175E+00-0.100897193E+01
-0.107860589E+01-0.114107907E+01-0.119609022E+01-0.124350762E+01-0.128206730E+01
-0.131173372E+01-0.133235097E+01-0.134240770E+01-0.134217978E+01-0.133148193E+01
-0.130855274E+01-0.127413034E+01-0.122800946E+01-0.116826344E+01-0.109620488E+01
-0.101147830E+01-0.912603438E+00-0.801112294E+00-0.676936090E+00-0.539398730E+00
-0.390258223E+00-0.229439914E+00-0.565044582E-01 0.127280265E+00 0.322211087E+00
 0.528123975E+00 0.743301272E+00 0.967113733E+00 0.119867516E+01 0.143703413E+01
 0.168233848E+01 0.193413746E+01 0.219175243E+01 0.245533657E+01 0.272435951E+01
 0.299830937E+01 0.327735543E+01 0.356093764E+01 0.384869504E+01 0.414080429E+01
 0.443673372E+01 0.473621893E+01 0.503946877E+01 0.534597969E+01 0.565558815E+01
 0.965694129E+00 0.843675375E+00 0.721585870E+00 0.599434614E+00 0.477229029E+00
 0.354982018E+00 0.232702896E+00 0.110536411E+00-0.108911693E-01-0.131664038E+00
-0.251599044E+00-0.369834870E+00-0.486137480E+00-0.600134492E+00-0.711534619E+00
-0.819652438E+00-0.923801064E+00-0.102369153E+01-0.111843157E+01-0.120745707E+01
-0.129058695E+01-0.136678970E+01-0.143572164E+01-0.149723458E+01-0.155005753E+01
-0.159405816E+01-0.162904727E+01-0.165341091E+01-0.166734993E+01-0.167059684E+01
-0.166127610E+01-0.164002419E+01-0.160658848E+01-0.155885386E+01-0.149812102E+01
-0.142395496E+01-0.133470869E+01-0.123183024E+01-0.111495185E+01-0.982998431E+00
-0.837528884E+00-0.678361893E+00-0.506181121E+00-0.322499454E+00-0.127115726E+00
 0.800085366E-01 0.297730267E+00 0.526241779E+00 0.764267325E+00 0.100934064E+01
 0.126156735E+01 0.152042222E+01 0.178518724E+01 0.205597377E+01 0.233224201E+01
 0.261342835E+01 0.289971399E+01 0.319051194E+01 0.348543501E+01 0.378466463E+01
 0.408764887E+01 0.439410257E+01 0.470426655E+01 0.501759577E+01 0.533394098E+01
 0.950573742E+00 0.822401762E+00 0.693748057E+00 0.564600825E+00 0.434916317E+00
 0.304725289E+00 0.174008936E+00 0.432089567E-01-0.873920843E-01-0.217913374E+00
-0.347745508E+00-0.476432562E+00-0.603747427E+00-0.729180396E+00-0.852352977E+00
-0.972526670E+00-0.108900094E+01-0.120144296E+01-0.130897033E+01-0.141104531E+01
-0.150747609E+01-0.159726310E+01-0.168005180E+01-0.175564957E+01-0.182275939E+01
-0.188119769E+01-0.193068814E+01-0.196959448E+01-0.199801505E+01-0.201563215E+01
-0.202044487E+01-0.201305056E+01-0.199307203E+01-0.195820737E+01-0.190969539E+01
-0.184697402E+01-0.176816082E+01-0.167472076E+01-0.156619430E+01-0.144135523E+01
-0.130190182E+01-0.114750206E+01-0.977629542E+00-0.794135988E+00-0.597308815E+00
-0.387569606E+00-0.166788056E+00 0.652506351E-01 0.308210790E+00 0.560644865E+00
 0.821596622E+00 0.108936751E+01 0.136301470E+01 0.164264774E+01 0.192768550E+01
 0.221756697E+01 0.251241732E+01 0.281166148E+01 0.311490130E+01 0.342229843E+01
 0.373328304E+01 0.404760361E+01 0.436543655E+01 0.468627262E+01 0.500994062E+01
 0.930296242E+00 0.796036720E+00 0.660903096E+00 0.524871409E+00 0.387811124E+00
 0.249807730E+00 0.110847704E+00-0.284261703E-01-0.168185383E+00-0.308177352E+00
-0.447688878E+00-0.586694539E+00-0.724813282E+00-0.861418724E+00-0.996029854E+00
-0.112791133E+01-0.125629342E+01-0.138084936E+01-0.150073338E+01-0.161543655E+01
-0.172476053E+01-0.182775283E+01-0.192399073E+01-0.201327753E+01-0.209428191E+01
-0.216675591E+01-0.223041129E+01-0.228355598E+01-0.232625890E+01-0.235816336E+01
-0.237722635E+01-0.238396597E+01-0.237792921E+01-0.235669136E+01-0.232137728E+01
-0.227128744E+01-0.220427060E+01-0.212164688E+01-0.202278757E+01-0.190613866E+01
-0.177344990E+01-0.162436581E+01-0.145834994E+01-0.127735114E+01-0.108114982E+01
-0.869805694E+00-0.645289660E+00-0.408522546E+00-0.160325512E+00 0.979838371E-01
 0.366833836E+00 0.644848049E+00 0.928807259E+00 0.121866059E+01 0.151374960E+01
 0.181352091E+01 0.211805916E+01 0.242677283E+01 0.273929191E+01 0.305568600E+01
 0.337546825E+01 0.369835973E+01 0.402448654E+01 0.435337448E+01 0.468487835E+01
 0.904957414E+00 0.764788091E+00 0.623362541E+00 0.480640709E+00 0.336407363E+00
 0.190781310E+00 0.440224111E-01-0.103597425E+00-0.252095908E+00-0.400997937E+00
-0.550076425E+00-0.699086010E+00-0.847545087E+00-0.994748592E+00-0.114015496E+01
-0.128298211E+01-0.142246568E+01-0.155830348E+01-0.168968606E+01-0.181613612E+01
-0.193744040E+01-0.205265665E+01-0.216133571E+01-0.226323867E+01-0.235702848E+01
-0.244246101E+01-0.251923203E+01-0.258566833E+01-0.264183474E+01-0.268733954E+01
-0.272013187E+01-0.274068403E+01-0.274852180E+01-0.274114847E+01-0.271962237E+01
-0.268314862E+01-0.262939525E+01-0.255956793E+01-0.247276640E+01-0.236707354E+01
-0.224401498E+01-0.210285497E+01-0.194271755E+01-0.176567340E+01-0.157157493E+01
-0.136077058E+01-0.113537347E+01-0.895298243E+00-0.641597211E+00-0.376431972E+00
-0.100291193E+00 0.185843751E+00 0.480561227E+00 0.782408953E+00 0.108924925E+01
 0.140047002E+01 0.171613109E+01 0.203564262E+01 0.235862446E+01 0.268514681E+01
 0.301470613E+01 0.334703755E+01 0.368223667E+01 0.401987028E+01 0.435978222E+01
 0.876636565E+00 0.730719447E+00 0.583189249E+00 0.433978558E+00 0.282835484E+00
 0.129952490E+00-0.243474767E-01-0.180153757E+00-0.336945415E+00-0.494505048E+00
-0.652809501E+00-0.811369777E+00-0.969648004E+00-0.112684727E+01-0.128234720E+01
-0.143534160E+01-0.158511710E+01-0.173137462E+01-0.187336731E+01-0.201062536E+01
-0.214292455E+01-0.226932287E+01-0.238934183E+01-0.250274014E+01-0.260821152E+01
-0.270551872E+01-0.279436445E+01-0.287309170E+01-0.294175196E+01-0.299995017E+01
-0.304565096E+01-0.307930279E+01-0.310043478E+01-0.310656309E+01-0.309867048E+01
-0.307594299E+01-0.303594494E+01-0.297974920E+01-0.290628958E+01-0.281336117E+01
-0.270224333E+01-0.257182574E+01-0.242064905E+01-0.225051498E+01-0.206089115E+01
-0.185202837E+01-0.162652445E+01-0.138467586E+01-0.112762153E+01-0.857231855E+00
-0.573595524E+00-0.278749645E+00 0.250439644E-01 0.338190138E+00 0.657813489E+00
 0.981748700E+00 0.130970275E+01 0.164107490E+01 0.197550106E+01 0.231300926E+01
 0.265311337E+01 0.299556494E+01 0.334045362E+01 0.368735218E+01 0.403613472E+01
 0.845754683E+00 0.694349289E+00 0.541005909E+00 0.385619819E+00 0.227907106E+00
 0.681179836E-01-0.932934210E-01-0.256629258E+00-0.421172112E+00-0.587033629E+00
-0.753982782E+00-0.921405673E+00-0.108868277E+01-0.125491834E+01-0.141944361E+01
-0.158148992E+01-0.174036026E+01-0.189580894E+01-0.204711962E+01-0.219383550E+01
-0.233571911E+01-0.247179461E+01-0.260162783E+01-0.272495437E+01-0.284050322E+01
-0.294803238E+01-0.304722881E+01-0.313648367E+01-0.321582389E+01-0.328490567E+01
-0.334176779E+01-0.338690042E+01-0.341988015E+01-0.343834352E+01-0.344326115E+01
-0.343381977E+01-0.340762329E+01-0.336559820E+01-0.330656052E+01-0.322809482E+01
-0.313119364E+01-0.301440811E+01-0.287578845E+01-0.271676421E+01-0.253619528E+01
-0.233361506E+01-0.211149716E+01-0.186997998E+01-0.161075866E+01-0.133662343E+01
-0.104801404E+01-0.746331692E+00-0.433545381E+00-0.110541865E+00 0.220795035E+00
 0.558338106E+00 0.900080442E+00 0.124464214E+01 0.159168768E+01 0.194120860E+01
 0.229278183E+01 0.264616680E+01 0.300142074E+01 0.335819721E+01 0.371636009E+01
 0.813695073E+00 0.657055020E+00 0.498160660E+00 0.336899430E+00 0.172893181E+00
 0.672005117E-02-0.161598265E+00-0.331823796E+00-0.503759980E+00-0.677432895E+00
-0.852446437E+00-0.102807188E+01-0.120356119E+01-0.137795186E+01-0.155056977E+01
-0.172066665E+01-0.188760853E+01-0.205119705E+01-0.221073580E+01-0.236574793E+01
-0.251598120E+01-0.266045904E+01-0.279873466E+01-0.293055964E+01-0.305463362E+01
-0.317072678E+01-0.327852392E+01-0.337644124E+01-0.346459103E+01-0.354264927E+01
-0.360880709E+01-0.366361284E+01-0.370673656E+01-0.373599195E+01-0.375238347E+01
-0.375517750E+01-0.374208736E+01-0.371397781E+01-0.366962767E+01-0.360652542E+01
-0.352534294E+01-0.342432642E+01-0.330099416E+01-0.315630269E+01-0.298847771E+01
-0.279631615E+01-0.258186913E+01-0.234459615E+01-0.208594346E+01-0.180944002E+01
-0.151628041E+01-0.120885575E+01-0.889262438E+00-0.557356298E+00-0.215186656E+00
 0.134321079E+00 0.490307659E+00 0.849043429E+00 0.120959568E+01 0.157189798E+01
 0.193560016E+01 0.230052352E+01 0.266663551E+01 0.303370094E+01 0.340160561E+01
 0.781157374E+00 0.619654775E+00 0.455618620E+00 0.288925529E+00 0.119155660E+00
-0.529785492E-01-0.227450430E+00-0.404102623E+00-0.582880855E+00-0.763644874E+00
-0.945904016E+00-0.112876379E+01-0.131138229E+01-0.149276423E+01-0.167225969E+01
-0.184914541E+01-0.202288723E+01-0.219327784E+01-0.235964346E+01-0.252145720E+01
-0.267844582E+01-0.282960796E+01-0.297447538E+01-0.311279273E+01-0.324326468E+01
-0.336567950E+01-0.347976494E+01-0.358399248E+01-0.367854953E+01-0.376318645E+01
-0.383622265E+01-0.389830065E+01-0.394918203E+01-0.398689222E+01-0.401248312E+01
-0.402536535E+01-0.402349091E+01-0.400770569E+01-0.397689319E+01-0.392867613E+01
-0.386352205E+01-0.377955008E+01-0.367397666E+01-0.354715872E+01-0.339664745E+01
-0.322026324E+01-0.301932859E+01-0.279236460E+01-0.254003644E+01-0.226578474E+01
-0.197074103E+01-0.165846503E+01-0.133248651E+01-0.993598819E+00-0.643395901E+00
-0.283381462E+00 0.849174112E-01 0.458087295E+00 0.833125770E+00 0.120904195E+01
 0.158558846E+01 0.196263885E+01 0.234013486E+01 0.271790457E+01 0.309590435E+01
 0.748966575E+00 0.582929730E+00 0.414103508E+00 0.242382228E+00 0.673753992E-01
-0.110259466E+00-0.290388674E+00-0.473057926E+00-0.658137202E+00-0.845367908E+00
-0.103412008E+01-0.122339129E+01-0.141224921E+01-0.159966624E+01-0.178505254E+01
-0.196775723E+01-0.214727354E+01-0.232342267E+01-0.249547291E+01-0.266287756E+01
-0.282529926E+01-0.298171997E+01-0.313166857E+01-0.327490544E+01-0.341016698E+01
-0.353726220E+01-0.365598750E+01-0.376485348E+01-0.386411190E+01-0.395358944E+01
-0.403171873E+01-0.409922504E+01-0.415597677E+01-0.420020580E+01-0.423304272E+01
-0.425403070E+01-0.426138687E+01-0.425599575E+01-0.423688507E+01-0.420194912E+01
-0.415157747E+01-0.408392763E+01-0.399618435E+01-0.388830757E+01-0.375737071E+01
-0.360037088E+01-0.341761184E+01-0.320633793E+01-0.296594763E+01-0.269931817E+01
-0.240683031E+01-0.209250927E+01-0.176126361E+01-0.141530585E+01-0.105758429E+01
-0.689584851E+00-0.310948342E+00 0.748530850E-01 0.464519262E+00 0.854565144E+00
 0.124439692E+01 0.163393068E+01 0.202307844E+01 0.241177940E+01 0.280002522E+01
 0.718059182E+00 0.547910213E+00 0.374734819E+00 0.198399961E+00 0.186371133E-01
-0.163782954E+00-0.348841131E+00-0.536880493E+00-0.727514923E+00-0.920372486E+00
-0.111468029E+01-0.130932522E+01-0.150333059E+01-0.169567418E+01-0.188583827E+01
-0.207322645E+01-0.225736403E+01-0.243804407E+01-0.261446762E+01-0.278601837E+01
-0.295237303E+01-0.311247826E+01-0.326591849E+01-0.341248465E+01-0.355093837E+01
-0.368114161E+01-0.380288553E+01-0.391473842E+01-0.401701260E+01-0.410958338E+01
-0.419098854E+01-0.426205254E+01-0.432271624E+01-0.437140465E+01-0.440933228E+01
-0.443616056E+01-0.445035744E+01-0.445287228E+01-0.444293594E+01-0.441867638E+01
-0.438052082E+01-0.432682514E+01-0.425496387E+01-0.416470337E+01-0.405308867E+01
-0.391668558E+01-0.375504446E+01-0.356432438E+01-0.334233260E+01-0.309058523E+01
-0.280788517E+01-0.249757218E+01-0.216519165E+01-0.181396461E+01-0.144895470E+01
-0.107318783E+01-0.686964929E+00-0.291520000E+00 0.110506773E+00 0.514897227E+00
 0.918284535E+00 0.132053399E+01 0.172148192E+01 0.212121439E+01 0.251972938E+01
 0.688808680E+00 0.514931619E+00 0.337859869E+00 0.157448187E+00-0.265587494E-01
-0.213388056E+00-0.402987093E+00-0.595851362E+00-0.791415632E+00-0.989207268E+00
-0.118831384E+01-0.138754892E+01-0.158589125E+01-0.178234243E+01-0.197648704E+01
-0.216775131E+01-0.235566092E+01-0.253996897E+01-0.271980548E+01-0.289451385E+01
-0.306376505E+01-0.322655296E+01-0.338248539E+01-0.353141832E+01-0.367211056E+01
-0.380443764E+01-0.392823386E+01-0.404207039E+01-0.414631176E+01-0.424091721E+01
-0.432450151E+01-0.439796066E+01-0.446133232E+01-0.451320696E+01-0.455484200E+01
-0.458602142E+01-0.460544586E+01-0.461411524E+01-0.461140442E+01-0.459574413E+01
-0.456760693E+01-0.452555466E+01-0.446724987E+01-0.439238453E+01-0.429815578E+01
-0.418108606E+01-0.404020882E+01-0.387109947E+01-0.367029810E+01-0.343786359E+01
-0.317058754E+01-0.287012005E+01-0.254167557E+01-0.218850422E+01-0.181779075E+01
-0.143462014E+01-0.104074144E+01-0.637848258E+00-0.226494536E+00 0.190851316E+00
 0.607910991E+00 0.102291512E+01 0.143561339E+01 0.184626055E+01 0.225492716E+01
 0.662129343E+00 0.484975755E+00 0.304495007E+00 0.120537251E+00-0.672222152E-01
-0.257720947E+00-0.451250851E+00-0.648237109E+00-0.847974777E+00-0.104987979E+01
-0.125291228E+01-0.145583129E+01-0.165760827E+01-0.185729790E+01-0.205454278E+01
-0.224879909E+01-0.243956757E+01-0.262654829E+01-0.280879188E+01-0.298563147E+01
-0.315680623E+01-0.332132196E+01-0.347885275E+01-0.362927628E+01-0.377132058E+01
-0.390489769E+01-0.402982664E+01-0.414474010E+01-0.425003672E+01-0.434573793E+01
-0.443054199E+01-0.450540495E+01-0.457042408E+01-0.462432718E+01-0.466840553E+01
-0.470254230E+01-0.472561836E+01-0.473868370E+01-0.474123955E+01-0.473196030E+01
-0.471138000E+01-0.467826605E+01-0.463057423E+01-0.456803656E+01-0.448808956E+01
-0.438742590E+01-0.426488113E+01-0.411591768E+01-0.393640995E+01-0.372527289E+01
-0.347766995E+01-0.319306302E+01-0.287508249E+01-0.252557778E+01-0.215277958E+01
-0.176392221E+01-0.136275315E+01-0.952601969E+00-0.534456074E+00-0.107898057E+00
 0.321742386E+00 0.749164462E+00 0.117324901E+01 0.159442329E+01 0.201281738E+01
 0.637853920E+00 0.457796574E+00 0.274257213E+00 0.870803893E-01-0.103719965E+00
-0.297443539E+00-0.494424164E+00-0.694970727E+00-0.898284793E+00-0.110368109E+01
-0.130998576E+01-0.151594853E+01-0.172053075E+01-0.192285061E+01-0.212260675E+01
-0.231924701E+01-0.251224756E+01-0.270125866E+01-0.288526678E+01-0.306361556E+01
-0.323613501E+01-0.340183401E+01-0.356045723E+01-0.371185446E+01-0.385476613E+01
-0.398907804E+01-0.411465549E+01-0.423014307E+01-0.433601379E+01-0.443232155E+01
-0.451783562E+01-0.459356928E+01-0.465967083E+01-0.471495152E+01-0.476076031E+01
-0.479705715E+01-0.482285786E+01-0.483924150E+01-0.484583998E+01-0.484150743E+01
-0.482683659E+01-0.480078363E+01-0.476156902E+01-0.470900536E+01-0.464075422E+01
-0.455380917E+01-0.444692230E+01-0.431565523E+01-0.415563202E+01-0.396496367E+01
-0.373773575E+01-0.347146487E+01-0.316789770E+01-0.282660747E+01-0.245546150E+01
-0.206329060E+01-0.165585184E+01-0.123867929E+01-0.813832998E+00-0.380708039E+00
 0.589406565E-01 0.498104870E+00 0.932998180E+00 0.136415052E+01 0.179174948E+01
 0.617034793E+00 0.434534401E+00 0.248420268E+00 0.585089959E-01-0.134750843E+00
-0.331055284E+00-0.530842543E+00-0.734276533E+00-0.940462649E+00-0.114861536E+01
-0.135747790E+01-0.156577539E+01-0.177249026E+01-0.197678006E+01-0.217840195E+01
-0.237681198E+01-0.257139492E+01-0.276177311E+01-0.294693708E+01-0.312624168E+01
-0.329958081E+01-0.346600676E+01-0.362525845E+01-0.377720261E+01-0.392053390E+01
-0.405516577E+01-0.418099117E+01-0.429666901E+01-0.440273380E+01-0.449926853E+01
-0.458510208E+01-0.466127968E+01-0.472797966E+01-0.478410482E+01-0.483102322E+01
-0.486875248E+01-0.489641047E+01-0.491511059E+01-0.492455626E+01-0.492377663E+01
-0.491339159E+01-0.489249229E+01-0.485952139E+01-0.481438017E+01-0.475495243E+01
-0.467847967E+01-0.458377743E+01-0.446664715E+01-0.432268715E+01-0.414967489E+01
-0.394110370E+01-0.369319963E+01-0.340605450E+01-0.307686543E+01-0.271176577E+01
-0.231983376E+01-0.190817750E+01-0.148505795E+01-0.105397749E+01-0.615287602E+00
-0.169371933E+00 0.279775858E+00 0.724474430E+00 0.116462755E+01 0.160049152E+01
 0.599304914E+00 0.414789438E+00 0.226579607E+00 0.345065258E-01-0.160939649E+00
-0.359428942E+00-0.561542511E+00-0.767352819E+00-0.975887716E+00-0.118627012E+01
-0.139716625E+01-0.160729992E+01-0.181567788E+01-0.202150822E+01-0.222457933E+01
-0.242431402E+01-0.262005997E+01-0.281142664E+01-0.299736214E+01-0.317731309E+01
-0.335118675E+01-0.351807976E+01-0.367771816E+01-0.382997036E+01-0.397350168E+01
-0.410825157E+01-0.423412037E+01-0.434983063E+01-0.445591784E+01-0.455251789E+01
-0.463848114E+01-0.471488476E+01-0.478194237E+01-0.483861494E+01-0.488629723E+01
-0.492502499E+01-0.495404243E+01-0.497443199E+01-0.498601818E+01-0.498790455E+01
-0.498076534E+01-0.496381092E+01-0.493562889E+01-0.489619350E+01-0.484360075E+01
-0.477531433E+01-0.469021654E+01-0.458435059E+01-0.445344448E+01-0.429510784E+01
-0.410259819E+01-0.387126303E+01-0.359992886E+01-0.328381681E+01-0.292706299E+01
-0.253798103E+01-0.212409115E+01-0.169626522E+01-0.125971866E+01-0.815899611E+00
-0.365399480E+00 0.911791250E-01 0.544651151E+00 0.992815971E+00 0.143601274E+01
 0.585723400E+00 0.399732262E+00 0.210001841E+00 0.163763873E-01-0.180681109E+00
-0.380910158E+00-0.584802389E+00-0.792397141E+00-0.100265622E+01-0.121464992E+01
-0.142698860E+01-0.163842297E+01-0.184796691E+01-0.205486917E+01-0.225893450E+01
-0.245956445E+01-0.265606928E+01-0.284803724E+01-0.303444338E+01-0.321474886E+01
-0.338892269E+01-0.355606103E+01-0.371589112E+01-0.386825800E+01-0.401183653E+01
-0.414656639E+01-0.427237844E+01-0.438800812E+01-0.449401903E+01-0.459057236E+01
-0.467654085E+01-0.475302029E+01-0.482024765E+01-0.487721920E+01-0.492535257E+01
-0.496471691E+01-0.499459362E+01-0.501610661E+01-0.502910137E+01-0.503279305E+01
-0.502785110E+01-0.501358271E+01-0.498870993E+01-0.495322084E+01-0.490536976E+01
-0.484279156E+01-0.476443386E+01-0.466655874E+01-0.454505110E+01-0.439747429E+01
-0.421708679E+01-0.399878216E+01-0.374059296E+01-0.343637228E+01-0.308851838E+01
-0.270413876E+01-0.229018021E+01-0.185936284E+01-0.141866279E+01-0.970624208E+00
-0.516418040E+00-0.557129122E-01 0.404851884E+00 0.859458804E+00 0.130849934E+01
 0.575575709E+00 0.388487458E+00 0.197649658E+00 0.289225485E-02-0.195351005E+00
-0.396876276E+00-0.602082908E+00-0.810980201E+00-0.102249312E+01-0.123564458E+01
-0.144901967E+01-0.166138005E+01-0.187175405E+01-0.207941079E+01-0.228416610E+01
-0.248540854E+01-0.268243170E+01-0.287479830E+01-0.306148767E+01-0.324202156E+01
-0.341638708E+01-0.358365345E+01-0.374359655E+01-0.389599705E+01-0.403957653E+01
-0.417424583E+01-0.429997921E+01-0.441551161E+01-0.452144337E+01-0.461793041E+01
-0.470386887E+01-0.478036261E+01-0.484767485E+01-0.490483236E+01-0.495324898E+01
-0.499302769E+01-0.502349997E+01-0.504578972E+01-0.505976486E+01-0.506471062E+01
-0.506129551E+01-0.504891682E+01-0.502634430E+01-0.499362850E+01-0.494911766E+01
-0.489056969E+01-0.481699753E+01-0.472480488E+01-0.461003113E+01-0.447023964E+01
-0.429874992E+01-0.409018517E+01-0.384203839E+01-0.354735374E+01-0.320714617E+01
-0.282746840E+01-0.241437912E+01-0.198175907E+01-0.153801322E+01-0.108668399E+01
-0.629547775E+00-0.166211158E+00 0.299693763E+00 0.759146333E+00 0.121258378E+01
 0.569808900E+00 0.382072449E+00 0.190538526E+00-0.494181551E-02-0.203729421E+00
-0.405916333E+00-0.611828864E+00-0.821434975E+00-0.103363931E+01-0.124743533E+01
-0.146138275E+01-0.167424297E+01-0.188506174E+01-0.209312010E+01-0.229824233E+01
-0.249981928E+01-0.269709301E+01-0.288965654E+01-0.307650232E+01-0.325713730E+01
-0.343158627E+01-0.359892082E+01-0.375889349E+01-0.391131425E+01-0.405485582E+01
-0.418948984E+01-0.431515741E+01-0.443062210E+01-0.453649235E+01-0.463292694E+01
-0.471883345E+01-0.479532814E+01-0.486266994E+01-0.491991234E+01-0.496847153E+01
-0.500847769E+01-0.503925228E+01-0.506194687E+01-0.507644749E+01-0.508205605E+01
-0.507947493E+01-0.506808567E+01-0.504675579E+01-0.501553297E+01-0.497281265E+01
-0.491644144E+01-0.484546947E+01-0.475636053E+01-0.464524460E+01-0.450971174E+01
-0.434315681E+01-0.414007473E+01-0.389771128E+01-0.360864210E+01-0.327321315E+01
-0.289675331E+01-0.248464537E+01-0.205123854E+01-0.160581803E+01-0.115255105E+01
-0.693565726E+00-0.228527695E+00 0.240116060E+00 0.702173173E+00 0.115805840E+01
 0.567570865E+00 0.379560798E+00 0.187704116E+00-0.820062589E-02-0.207060203E+00
-0.409438610E+00-0.615588605E+00-0.825463474E+00-0.103793061E+01-0.125197220E+01
-0.146613765E+01-0.167919075E+01-0.189017236E+01-0.209838128E+01-0.230363822E+01
-0.250533605E+01-0.270271182E+01-0.289534235E+01-0.308224058E+01-0.326291609E+01
-0.343739963E+01-0.360475850E+01-0.376474023E+01-0.391715574E+01-0.406069279E+01
-0.419530153E+01-0.432094622E+01-0.443638182E+01-0.454222536E+01-0.463863707E+01
-0.472453070E+01-0.480102205E+01-0.486838150E+01-0.492564297E+01-0.497426128E+01
-0.501434708E+01-0.504523563E+01-0.506808472E+01-0.508278608E+01-0.508864498E+01
-0.508636618E+01-0.507536793E+01-0.505449438E+01-0.502384233E+01-0.498179054E+01
-0.492624903E+01-0.485626459E+01-0.476831341E+01-0.465859509E+01-0.452469635E+01
-0.436003494E+01-0.415904951E+01-0.391891170E+01-0.363204980E+01-0.329850602E+01
-0.292337608E+01-0.251172066E+01-0.207805681E+01-0.163200057E+01-0.117796421E+01
-0.718243659E+00-0.252517581E+00 0.217146665E+00 0.680190921E+00 0.113700330E+01
 0.569808900E+00 0.382072449E+00 0.190538526E+00-0.494181551E-02-0.203729421E+00
-0.405916333E+00-0.611828864E+00-0.821434975E+00-0.103363931E+01-0.124743533E+01
-0.146138275E+01-0.167424297E+01-0.188506174E+01-0.209312010E+01-0.229824233E+01
-0.249981928E+01-0.269709301E+01-0.288965654E+01-0.307650232E+01-0.325713730E+01
-0.343158627E+01-0.359892082E+01-0.375889349E+01-0.391131425E+01-0.405485582E+01
-0.418948984E+01-0.431515741E+01-0.443062210E+01-0.453649235E+01-0.463292694E+01
-0.471883345E+01-0.479532814E+01-0.486266994E+01-0.491991234E+01-0.496847153E+01
-0.500847769E+01-0.503925228E+01-0.506194687E+01-0.507644749E+01-0.508205605E+01
-0.507947493E+01-0.506808567E+01-0.504675579E+01-0.501553297E+01-0.497281265E+01
-0.491644144E+01-0.484546947E+01-0.475636053E+01-0.464524460E+01-0.450971174E+01
-0.434315681E+01-0.414007473E+01-0.389771128E+01-0.360864210E+01-0.327321315E+01
-0.289675331E+01-0.248464537E+01-0.205123854E+01-0.160581803E+01-0.115255105E+01
-0.693565726E+00-0.228527695E+00 0.240116060E+00 0.702173173E+00 0.115805840E+01
 0.575575709E+00 0.388487458E+00 0.197649658E+00 0.289225485E-02-0.195351005E+00
-0.396876276E+00-0.602082908E+00-0.810980201E+00-0.102249312E+01-0.123564458E+01
-0.144901967E+01-0.166138005E+01-0.187175405E+01-0.207941079E+01-0.228416610E+01
-0.248540854E+01-0.268243170E+01-0.287479830E+01-0.306148767E+01-0.324202156E+01
-0.341638708E+01-0.358365345E+01-0.374359655E+01-0.389599705E+01-0.403957653E+01
-0.417424583E+01-0.429997921E+01-0.441551161E+01-0.452144337E+01-0.461793041E+01
-0.470386887E+01-0.478036261E+01-0.484767485E+01-0.490483236E+01-0.495324898E+01
-0.499302769E+01-0.502349997E+01-0.504578972E+01-0.505976486E+01-0.506471062E+01
-0.506129551E+01-0.504891682E+01-0.502634430E+01-0.499362850E+01-0.494911766E+01
-0.489056969E+01-0.481699753E+01-0.472480488E+01-0.461003113E+01-0.447023964E+01
-0.429874992E+01-0.409018517E+01-0.384203839E+01-0.354735374E+01-0.320714617E+01
-0.282746840E+01-0.241437912E+01-0.198175907E+01-0.153801322E+01-0.108668399E+01
-0.629547775E+00-0.166211158E+00 0.299693763E+00 0.759146333E+00 0.121258378E+01
 0.585723400E+00 0.399732262E+00 0.210001841E+00 0.163763873E-01-0.180681109E+00
-0.380910158E+00-0.584802389E+00-0.792397141E+00-0.100265622E+01-0.121464992E+01
-0.142698860E+01-0.163842297E+01-0.184796691E+01-0.205486917E+01-0.225893450E+01
-0.245956445E+01-0.265606928E+01-0.284803724E+01-0.303444338E+01-0.321474886E+01
-0.338892269E+01-0.355606103E+01-0.371589112E+01-0.386825800E+01-0.401183653E+01
-0.414656639E+01-0.427237844E+01-0.438800812E+01-0.449401903E+01-0.459057236E+01
-0.467654085E+01-0.475302029E+01-0.482024765E+01-0.487721920E+01-0.492535257E+01
-0.496471691E+01-0.499459362E+01-0.501610661E+01-0.502910137E+01-0.503279305E+01
-0.502785110E+01-0.501358271E+01-0.498870993E+01-0.495322084E+01-0.490536976E+01
-0.484279156E+01-0.476443386E+01-0.466655874E+01-0.454505110E+01-0.439747429E+01
-0.421708679E+01-0.399878216E+01-0.374059296E+01-0.343637228E+01-0.308851838E+01
-0.270413876E+01-0.229018021E+01-0.185936284E+01-0.141866279E+01-0.970624208E+00
-0.516418040E+00-0.557129122E-01 0.404851884E+00 0.859458804E+00 0.130849934E+01
 0.599304914E+00 0.414789438E+00 0.226579607E+00 0.345065258E-01-0.160939649E+00
-0.359428942E+00-0.561542511E+00-0.767352819E+00-0.975887716E+00-0.118627012E+01
-0.139716625E+01-0.160729992E+01-0.181567788E+01-0.202150822E+01-0.222457933E+01
-0.242431402E+01-0.262005997E+01-0.281142664E+01-0.299736214E+01-0.317731309E+01
-0.335118675E+01-0.351807976E+01-0.367771816E+01-0.382997036E+01-0.397350168E+01
-0.410825157E+01-0.423412037E+01-0.434983063E+01-0.445591784E+01-0.455251789E+01
-0.463848114E+01-0.471488476E+01-0.478194237E+01-0.483861494E+01-0.488629723E+01
-0.492502499E+01-0.495404243E+01-0.497443199E+01-0.498601818E+01-0.498790455E+01
-0.498076534E+01-0.496381092E+01-0.493562889E+01-0.489619350E+01-0.484360075E+01
-0.477531433E+01-0.469021654E+01-0.458435059E+01-0.445344448E+01-0.429510784E+01
-0.410259819E+01-0.387126303E+01-0.359992886E+01-0.328381681E+01-0.292706299E+01
-0.253798103E+01-0.212409115E+01-0.169626522E+01-0.125971866E+01-0.815899611E+00
-0.365399480E+00 0.911791250E-01 0.544651151E+00 0.992815971E+00 0.143601274E+01
 0.617034793E+00 0.434534401E+00 0.248420268E+00 0.585089959E-01-0.134750843E+00
-0.331055284E+00-0.530842543E+00-0.734276533E+00-0.940462649E+00-0.114861536E+01
-0.135747790E+01-0.156577539E+01-0.177249026E+01-0.197678006E+01-0.217840195E+01
-0.237681198E+01-0.257139492E+01-0.276177311E+01-0.294693708E+01-0.312624168E+01
-0.329958081E+01-0.346600676E+01-0.362525845E+01-0.377720261E+01-0.392053390E+01
-0.405516577E+01-0.418099117E+01-0.429666901E+01-0.440273380E+01-0.449926853E+01
-0.458510208E+01-0.466127968E+01-0.472797966E+01-0.478410482E+01-0.483102322E+01
-0.486875248E+01-0.489641047E+01-0.491511059E+01-0.492455626E+01-0.492377663E+01
-0.491339159E+01-0.489249229E+01-0.485952139E+01-0.481438017E+01-0.475495243E+01
-0.467847967E+01-0.458377743E+01-0.446664715E+01-0.432268715E+01-0.414967489E+01
-0.394110370E+01-0.369319963E+01-0.340605450E+01-0.307686543E+01-0.271176577E+01
-0.231983376E+01-0.190817750E+01-0.148505795E+01-0.105397749E+01-0.615287602E+00
-0.169371933E+00 0.279775858E+00 0.724474430E+00 0.116462755E+01 0.160049152E+01
 0.637853920E+00 0.457796574E+00 0.274257213E+00 0.870803893E-01-0.103719965E+00
-0.297443539E+00-0.494424164E+00-0.694970727E+00-0.898284793E+00-0.110368109E+01
-0.130998576E+01-0.151594853E+01-0.172053075E+01-0.192285061E+01-0.212260675E+01
-0.231924701E+01-0.251224756E+01-0.270125866E+01-0.288526678E+01-0.306361556E+01
-0.323613501E+01-0.340183401E+01-0.356045723E+01-0.371185446E+01-0.385476613E+01
-0.398907804E+01-0.411465549E+01-0.423014307E+01-0.433601379E+01-0.443232155E+01
-0.451783562E+01-0.459356928E+01-0.465967083E+01-0.471495152E+01-0.476076031E+01
-0.479705715E+01-0.482285786E+01-0.483924150E+01-0.484583998E+01-0.484150743E+01
-0.482683659E+01-0.480078363E+01-0.476156902E+01-0.470900536E+01-0.464075422E+01
-0.455380917E+01-0.444692230E+01-0.431565523E+01-0.415563202E+01-0.396496367E+01
-0.373773575E+01-0.347146487E+01-0.316789770E+01-0.282660747E+01-0.245546150E+01
-0.206329060E+01-0.165585184E+01-0.123867929E+01-0.813832998E+00-0.380708039E+00
 0.589406565E-01 0.498104870E+00 0.932998180E+00 0.136415052E+01 0.179174948E+01
 0.662129343E+00 0.484975755E+00 0.304495007E+00 0.120537251E+00-0.672222152E-01
-0.257720947E+00-0.451250851E+00-0.648237109E+00-0.847974777E+00-0.104987979E+01
-0.125291228E+01-0.145583129E+01-0.165760827E+01-0.185729790E+01-0.205454278E+01
-0.224879909E+01-0.243956757E+01-0.262654829E+01-0.280879188E+01-0.298563147E+01
-0.315680623E+01-0.332132196E+01-0.347885275E+01-0.362927628E+01-0.377132058E+01
-0.390489769E+01-0.402982664E+01-0.414474010E+01-0.425003672E+01-0.434573793E+01
-0.443054199E+01-0.450540495E+01-0.457042408E+01-0.462432718E+01-0.466840553E+01
-0.470254230E+01-0.472561836E+01-0.473868370E+01-0.474123955E+01-0.473196030E+01
-0.471138000E+01-0.467826605E+01-0.463057423E+01-0.456803656E+01-0.448808956E+01
-0.438742590E+01-0.426488113E+01-0.411591768E+01-0.393640995E+01-0.372527289E+01
-0.347766995E+01-0.319306302E+01-0.287508249E+01-0.252557778E+01-0.215277958E+01
-0.176392221E+01-0.136275315E+01-0.952601969E+00-0.534456074E+00-0.107898057E+00
 0.321742386E+00 0.749164462E+00 0.117324901E+01 0.159442329E+01 0.201281738E+01
 0.688808680E+00 0.514931619E+00 0.337859869E+00 0.157448187E+00-0.265587494E-01
-0.213388056E+00-0.402987093E+00-0.595851362E+00-0.791415632E+00-0.989207268E+00
-0.118831384E+01-0.138754892E+01-0.158589125E+01-0.178234243E+01-0.197648704E+01
-0.216775131E+01-0.235566092E+01-0.253996897E+01-0.271980548E+01-0.289451385E+01
-0.306376505E+01-0.322655296E+01-0.338248539E+01-0.353141832E+01-0.367211056E+01
-0.380443764E+01-0.392823386E+01-0.404207039E+01-0.414631176E+01-0.424091721E+01
-0.432450151E+01-0.439796066E+01-0.446133232E+01-0.451320696E+01-0.455484200E+01
-0.458602142E+01-0.460544586E+01-0.461411524E+01-0.461140442E+01-0.459574413E+01
-0.456760693E+01-0.452555466E+01-0.446724987E+01-0.439238453E+01-0.429815578E+01
-0.418108606E+01-0.404020882E+01-0.387109947E+01-0.367029810E+01-0.343786359E+01
-0.317058754E+01-0.287012005E+01-0.254167557E+01-0.218850422E+01-0.181779075E+01
-0.143462014E+01-0.104074144E+01-0.637848258E+00-0.226494536E+00 0.190851316E+00
 0.607910991E+00 0.102291512E+01 0.143561339E+01 0.184626055E+01 0.225492716E+01
 0.718059182E+00 0.547910213E+00 0.374734819E+00 0.198399961E+00 0.186371133E-01
-0.163782954E+00-0.348841131E+00-0.536880493E+00-0.727514923E+00-0.920372486E+00
-0.111468029E+01-0.130932522E+01-0.150333059E+01-0.169567418E+01-0.188583827E+01
-0.207322645E+01-0.225736403E+01-0.243804407E+01-0.261446762E+01-0.278601837E+01
-0.295237303E+01-0.311247826E+01-0.326591849E+01-0.341248465E+01-0.355093837E+01
-0.368114161E+01-0.380288553E+01-0.391473842E+01-0.401701260E+01-0.410958338E+01
-0.419098854E+01-0.426205254E+01-0.432271624E+01-0.437140465E+01-0.440933228E+01
-0.443616056E+01-0.445035744E+01-0.445287228E+01-0.444293594E+01-0.441867638E+01
-0.438052082E+01-0.432682514E+01-0.425496387E+01-0.416470337E+01-0.405308867E+01
-0.391668558E+01-0.375504446E+01-0.356432438E+01-0.334233260E+01-0.309058523E+01
-0.280788517E+01-0.249757218E+01-0.216519165E+01-0.181396461E+01-0.144895470E+01
-0.107318783E+01-0.686964929E+00-0.291520000E+00 0.110506773E+00 0.514897227E+00
 0.918284535E+00 0.132053399E+01 0.172148192E+01 0.212121439E+01 0.251972938E+01
 0.748966575E+00 0.582929730E+00 0.414103508E+00 0.242382228E+00 0.673753992E-01
-0.110259466E+00-0.290388674E+00-0.473057926E+00-0.658137202E+00-0.845367908E+00
-0.103412008E+01-0.122339129E+01-0.141224921E+01-0.159966624E+01-0.178505254E+01
-0.196775723E+01-0.214727354E+01-0.232342267E+01-0.249547291E+01-0.266287756E+01
-0.282529926E+01-0.298171997E+01-0.313166857E+01-0.327490544E+01-0.341016698E+01
-0.353726220E+01-0.365598750E+01-0.376485348E+01-0.386411190E+01-0.395358944E+01
-0.403171873E+01-0.409922504E+01-0.415597677E+01-0.420020580E+01-0.423304272E+01
-0.425403070E+01-0.426138687E+01-0.425599575E+01-0.423688507E+01-0.420194912E+01
-0.415157747E+01-0.408392763E+01-0.399618435E+01-0.388830757E+01-0.375737071E+01
-0.360037088E+01-0.341761184E+01-0.320633793E+01-0.296594763E+01-0.269931817E+01
-0.240683031E+01-0.209250927E+01-0.176126361E+01-0.141530585E+01-0.105758429E+01
-0.689584851E+00-0.310948342E+00 0.748530850E-01 0.464519262E+00 0.854565144E+00
 0.124439692E+01 0.163393068E+01 0.202307844E+01 0.241177940E+01 0.280002522E+01
 0.781157374E+00 0.619654775E+00 0.455618620E+00 0.288925529E+00 0.119155660E+00
-0.529785492E-01-0.227450430E+00-0.404102623E+00-0.582880855E+00-0.763644874E+00
-0.945904016E+00-0.112876379E+01-0.131138229E+01-0.149276423E+01-0.167225969E+01
-0.184914541E+01-0.202288723E+01-0.219327784E+01-0.235964346E+01-0.252145720E+01
-0.267844582E+01-0.282960796E+01-0.297447538E+01-0.311279273E+01-0.324326468E+01
-0.336567950E+01-0.347976494E+01-0.358399248E+01-0.367854953E+01-0.376318645E+01
-0.383622265E+01-0.389830065E+01-0.394918203E+01-0.398689222E+01-0.401248312E+01
-0.402536535E+01-0.402349091E+01-0.400770569E+01-0.397689319E+01-0.392867613E+01
-0.386352205E+01-0.377955008E+01-0.367397666E+01-0.354715872E+01-0.339664745E+01
-0.322026324E+01-0.301932859E+01-0.279236460E+01-0.254003644E+01-0.226578474E+01
-0.197074103E+01-0.165846503E+01-0.133248651E+01-0.993598819E+00-0.643395901E+00
-0.283381462E+00 0.849174112E-01 0.458087295E+00 0.833125770E+00 0.120904195E+01
 0.158558846E+01 0.196263885E+01 0.234013486E+01 0.271790457E+01 0.309590435E+01
 0.813695073E+00 0.657055020E+00 0.498160660E+00 0.336899430E+00 0.172893181E+00
 0.672005117E-02-0.161598265E+00-0.331823796E+00-0.503759980E+00-0.677432895E+00
-0.852446437E+00-0.102807188E+01-0.120356119E+01-0.137795186E+01-0.155056977E+01
-0.172066665E+01-0.188760853E+01-0.205119705E+01-0.221073580E+01-0.236574793E+01
-0.251598120E+01-0.266045904E+01-0.279873466E+01-0.293055964E+01-0.305463362E+01
-0.317072678E+01-0.327852392E+01-0.337644124E+01-0.346459103E+01-0.354264927E+01
-0.360880709E+01-0.366361284E+01-0.370673656E+01-0.373599195E+01-0.375238347E+01
-0.375517750E+01-0.374208736E+01-0.371397781E+01-0.366962767E+01-0.360652542E+01
-0.352534294E+01-0.342432642E+01-0.330099416E+01-0.315630269E+01-0.298847771E+01
-0.279631615E+01-0.258186913E+01-0.234459615E+01-0.208594346E+01-0.180944002E+01
-0.151628041E+01-0.120885575E+01-0.889262438E+00-0.557356298E+00-0.215186656E+00
 0.134321079E+00 0.490307659E+00 0.849043429E+00 0.120959568E+01 0.157189798E+01
 0.193560016E+01 0.230052352E+01 0.266663551E+01 0.303370094E+01 0.340160561E+01
 0.845754683E+00 0.694349289E+00 0.541005909E+00 0.385619819E+00 0.227907106E+00
 0.681179836E-01-0.932934210E-01-0.256629258E+00-0.421172112E+00-0.587033629E+00
-0.753982782E+00-0.921405673E+00-0.108868277E+01-0.125491834E+01-0.141944361E+01
-0.158148992E+01-0.174036026E+01-0.189580894E+01-0.204711962E+01-0.219383550E+01
-0.233571911E+01-0.247179461E+01-0.260162783E+01-0.272495437E+01-0.284050322E+01
-0.294803238E+01-0.304722881E+01-0.313648367E+01-0.321582389E+01-0.328490567E+01
-0.334176779E+01-0.338690042E+01-0.341988015E+01-0.343834352E+01-0.344326115E+01
-0.343381977E+01-0.340762329E+01-0.336559820E+01-0.330656052E+01-0.322809482E+01
-0.313119364E+01-0.301440811E+01-0.287578845E+01-0.271676421E+01-0.253619528E+01
-0.233361506E+01-0.211149716E+01-0.186997998E+01-0.161075866E+01-0.133662343E+01
-0.104801404E+01-0.746331692E+00-0.433545381E+00-0.110541865E+00 0.220795035E+00
 0.558338106E+00 0.900080442E+00 0.124464214E+01 0.159168768E+01 0.194120860E+01
 0.229278183E+01 0.264616680E+01 0.300142074E+01 0.335819721E+01 0.371636009E+01
 0.876636565E+00 0.730719447E+00 0.583189249E+00 0.433978558E+00 0.282835484E+00
 0.129952490E+00-0.243474767E-01-0.180153757E+00-0.336945415E+00-0.494505048E+00
-0.652809501E+00-0.811369777E+00-0.969648004E+00-0.112684727E+01-0.128234720E+01
-0.143534160E+01-0.158511710E+01-0.173137462E+01-0.187336731E+01-0.201062536E+01
-0.214292455E+01-0.226932287E+01-0.238934183E+01-0.250274014E+01-0.260821152E+01
-0.270551872E+01-0.279436445E+01-0.287309170E+01-0.294175196E+01-0.299995017E+01
-0.304565096E+01-0.307930279E+01-0.310043478E+01-0.310656309E+01-0.309867048E+01
-0.307594299E+01-0.303594494E+01-0.297974920E+01-0.290628958E+01-0.281336117E+01
-0.270224333E+01-0.257182574E+01-0.242064905E+01-0.225051498E+01-0.206089115E+01
-0.185202837E+01-0.162652445E+01-0.138467586E+01-0.112762153E+01-0.857231855E+00
-0.573595524E+00-0.278749645E+00 0.250439644E-01 0.338190138E+00 0.657813489E+00
 0.981748700E+00 0.130970275E+01 0.164107490E+01 0.197550106E+01 0.231300926E+01
 0.265311337E+01 0.299556494E+01 0.334045362E+01 0.368735218E+01 0.403613472E+01
 0.904957414E+00 0.764788091E+00 0.623362541E+00 0.480640709E+00 0.336407363E+00
 0.190781310E+00 0.440224111E-01-0.103597425E+00-0.252095908E+00-0.400997937E+00
-0.550076425E+00-0.699086010E+00-0.847545087E+00-0.994748592E+00-0.114015496E+01
-0.128298211E+01-0.142246568E+01-0.155830348E+01-0.168968606E+01-0.181613612E+01
-0.193744040E+01-0.205265665E+01-0.216133571E+01-0.226323867E+01-0.235702848E+01
-0.244246101E+01-0.251923203E+01-0.258566833E+01-0.264183474E+01-0.268733954E+01
-0.272013187E+01-0.274068403E+01-0.274852180E+01-0.274114847E+01-0.271962237E+01
-0.268314862E+01-0.262939525E+01-0.255956793E+01-0.247276640E+01-0.236707354E+01
-0.224401498E+01-0.210285497E+01-0.194271755E+01-0.176567340E+01-0.157157493E+01
-0.136077058E+01-0.113537347E+01-0.895298243E+00-0.641597211E+00-0.376431972E+00
-0.100291193E+00 0.185843751E+00 0.480561227E+00 0.782408953E+00 0.108924925E+01
 0.140047002E+01 0.171613109E+01 0.203564262E+01 0.235862446E+01 0.268514681E+01
 0.301470613E+01 0.334703755E+01 0.368223667E+01 0.401987028E+01 0.435978222E+01
 0.930296242E+00 0.796036720E+00 0.660903096E+00 0.524871409E+00 0.387811124E+00
 0.249807730E+00 0.110847704E+00-0.284261703E-01-0.168185383E+00-0.308177352E+00
-0.447688878E+00-0.586694539E+00-0.724813282E+00-0.861418724E+00-0.996029854E+00
-0.112791133E+01-0.125629342E+01-0.138084936E+01-0.150073338E+01-0.161543655E+01
-0.172476053E+01-0.182775283E+01-0.192399073E+01-0.201327753E+01-0.209428191E+01
-0.216675591E+01-0.223041129E+01-0.228355598E+01-0.232625890E+01-0.235816336E+01
-0.237722635E+01-0.238396597E+01-0.237792921E+01-0.235669136E+01-0.232137728E+01
-0.227128744E+01-0.220427060E+01-0.212164688E+01-0.202278757E+01-0.190613866E+01
-0.177344990E+01-0.162436581E+01-0.145834994E+01-0.127735114E+01-0.108114982E+01
-0.869805694E+00-0.645289660E+00-0.408522546E+00-0.160325512E+00 0.979838371E-01
 0.366833836E+00 0.644848049E+00 0.928807259E+00 0.121866059E+01 0.151374960E+01
 0.181352091E+01 0.211805916E+01 0.242677283E+01 0.273929191E+01 0.305568600E+01
 0.337546825E+01 0.369835973E+01 0.402448654E+01 0.435337448E+01 0.468487835E+01
 0.950573742E+00 0.822401762E+00 0.693748057E+00 0.564600825E+00 0.434916317E+00
 0.304725289E+00 0.174008936E+00 0.432089567E-01-0.873920843E-01-0.217913374E+00
-0.347745508E+00-0.476432562E+00-0.603747427E+00-0.729180396E+00-0.852352977E+00
-0.972526670E+00-0.108900094E+01-0.120144296E+01-0.130897033E+01-0.141104531E+01
-0.150747609E+01-0.159726310E+01-0.168005180E+01-0.175564957E+01-0.182275939E+01
-0.188119769E+01-0.193068814E+01-0.196959448E+01-0.199801505E+01-0.201563215E+01
-0.202044487E+01-0.201305056E+01-0.199307203E+01-0.195820737E+01-0.190969539E+01
-0.184697402E+01-0.176816082E+01-0.167472076E+01-0.156619430E+01-0.144135523E+01
-0.130190182E+01-0.114750206E+01-0.977629542E+00-0.794135988E+00-0.597308815E+00
-0.387569606E+00-0.166788056E+00 0.652506351E-01 0.308210790E+00 0.560644865E+00
 0.821596622E+00 0.108936751E+01 0.136301470E+01 0.164264774E+01 0.192768550E+01
 0.221756697E+01 0.251241732E+01 0.281166148E+01 0.311490130E+01 0.342229843E+01
 0.373328304E+01 0.404760361E+01 0.436543655E+01 0.468627262E+01 0.500994062E+01
 0.965694129E+00 0.843675375E+00 0.721585870E+00 0.599434614E+00 0.477229029E+00
 0.354982018E+00 0.232702896E+00 0.110536411E+00-0.108911693E-01-0.131664038E+00
-0.251599044E+00-0.369834870E+00-0.486137480E+00-0.600134492E+00-0.711534619E+00
-0.819652438E+00-0.923801064E+00-0.102369153E+01-0.111843157E+01-0.120745707E+01
-0.129058695E+01-0.136678970E+01-0.143572164E+01-0.149723458E+01-0.155005753E+01
-0.159405816E+01-0.162904727E+01-0.165341091E+01-0.166734993E+01-0.167059684E+01
-0.166127610E+01-0.164002419E+01-0.160658848E+01-0.155885386E+01-0.149812102E+01
-0.142395496E+01-0.133470869E+01-0.123183024E+01-0.111495185E+01-0.982998431E+00
-0.837528884E+00-0.678361893E+00-0.506181121E+00-0.322499454E+00-0.127115726E+00
 0.800085366E-01 0.297730267E+00 0.526241779E+00 0.764267325E+00 0.100934064E+01
 0.126156735E+01 0.152042222E+01 0.178518724E+01 0.205597377E+01 0.233224201E+01
 0.261342835E+01 0.289971399E+01 0.319051194E+01 0.348543501E+01 0.378466463E+01
 0.408764887E+01 0.439410257E+01 0.470426655E+01 0.501759577E+01 0.533394098E+01
 0.972884536E+00 0.857055306E+00 0.741573572E+00 0.626465976E+00 0.511817336E+00
 0.397594094E+00 0.283841580E+00 0.170626670E+00 0.583834276E-01-0.524892956E-01
-0.161984861E+00-0.269828022E+00-0.375214577E+00-0.477676511E+00-0.577136576E+00
-0.672951519E+00-0.764516711E+00-0.851572633E+00-0.933240175E+00-0.100897193E+01
-0.107860589E+01-0.114107907E+01-0.119609022E+01-0.124350762E+01-0.128206730E+01
-0.131173372E+01-0.133235097E+01-0.134240770E+01-0.134217978E+01-0.133148193E+01
-0.130855274E+01-0.127413034E+01-0.122800946E+01-0.116826344E+01-0.109620488E+01
-0.101147830E+01-0.912603438E+00-0.801112294E+00-0.676936090E+00-0.539398730E+00
-0.390258223E+00-0.229439914E+00-0.565044582E-01 0.127280265E+00 0.322211087E+00
 0.528123975E+00 0.743301272E+00 0.967113733E+00 0.119867516E+01 0.143703413E+01
 0.168233848E+01 0.193413746E+01 0.219175243E+01 0.245533657E+01 0.272435951E+01
 0.299830937E+01 0.327735543E+01 0.356093764E+01 0.384869504E+01 0.414080429E+01
 0.443673372E+01 0.473621893E+01 0.503946877E+01 0.534597969E+01 0.565558815E+01
 0.972729802E+00 0.863083959E+00 0.754204512E+00 0.646139860E+00 0.539042473E+00
 0.432847679E+00 0.327633798E+00 0.223561406E+00 0.120629482E+00 0.194415897E-01
-0.795557350E-01-0.176581189E+00-0.271141350E+00-0.362206101E+00-0.449744254E+00
-0.533224344E+00-0.612111926E+00-0.686247945E+00-0.754755676E+00-0.817136645E+00
-0.873237491E+00-0.922033012E+00-0.963216424E+00-0.996695042E+00-0.102123249E+01
-0.103683317E+01-0.104340672E+01-0.103951490E+01-0.102551758E+01-0.100128853E+01
-0.965183973E+00-0.917999148E+00-0.859616697E+00-0.788263679E+00-0.705478430E+00
-0.611054182E+00-0.503926277E+00-0.385773480E+00-0.256346434E+00-0.114872992E+00
 0.373371243E-01 0.200556651E+00 0.375279784E+00 0.560261071E+00 0.755065262E+00
 0.958810031E+00 0.117012274E+01 0.138911819E+01 0.161550641E+01 0.184849238E+01
 0.208821225E+01 0.233425713E+01 0.258598113E+01 0.284355330E+01 0.310646534E+01
 0.337423325E+01 0.364703655E+01 0.392434549E+01 0.420578814E+01 0.449157476E+01
 0.478117180E+01 0.507432461E+01 0.537127113E+01 0.567148304E+01 0.597481060E+01
 0.961981535E+00 0.858455300E+00 0.756114423E+00 0.655026555E+00 0.555405736E+00
 0.457165360E+00 0.360400081E+00 0.265319824E+00 0.171818182E+00 0.802563056E-01
-0.844682753E-02-0.945150554E-01-0.177718252E+00-0.257411182E+00-0.333247125E+00
-0.404553294E+00-0.470842451E+00-0.532059729E+00-0.587407351E+00-0.636428177E+00
-0.679047346E+00-0.714231789E+00-0.741725743E+00-0.761455774E+00-0.772207141E+00
-0.774039507E+00-0.766920865E+00-0.749470592E+00-0.722118616E+00-0.684985518E+00
-0.636513948E+00-0.577551663E+00-0.508321166E+00-0.427241743E+00-0.335745901E+00
-0.233702764E+00-0.119957864E+00 0.419381261E-02 0.138962328E+00 0.285154462E+00
 0.441551775E+00 0.608066201E+00 0.784560680E+00 0.969473481E+00 0.116264296E+01
 0.136391306E+01 0.157239246E+01 0.178820944E+01 0.201111245E+01 0.224032784E+01
 0.247604036E+01 0.271783972E+01 0.296512508E+01 0.321806479E+01 0.347618675E+01
 0.373902798E+01 0.400676394E+01 0.427888966E+01 0.455505562E+01 0.483546352E+01
 0.511959887E+01 0.540722084E+01 0.569854927E+01 0.599310112E+01 0.629070759E+01
 0.941608429E+00 0.844111025E+00 0.748218536E+00 0.654013634E+00 0.561776757E+00
 0.471385300E+00 0.382945240E+00 0.296741605E+00 0.212602615E+00 0.130672306E+00
 0.520484969E-01-0.232886523E-01-0.950957388E-01-0.163002640E+00-0.226991579E+00
-0.286327034E+00-0.340217173E+00-0.388644367E+00-0.430902541E+00-0.466660142E+00
-0.495878786E+00-0.517584682E+00-0.531551301E+00-0.537723839E+00-0.534902513E+00
-0.523156464E+00-0.502864182E+00-0.472683102E+00-0.433049977E+00-0.384205699E+00
-0.324789226E+00-0.255632162E+00-0.176779926E+00-0.868562162E-01 0.129120052E-01
 0.122673452E+00 0.243535832E+00 0.374292821E+00 0.515142977E+00 0.666603267E+00
 0.826665342E+00 0.995108545E+00 0.117212009E+01 0.135674942E+01 0.154912364E+01
 0.174916553E+01 0.195605898E+01 0.216993260E+01 0.239055228E+01 0.261720514E+01
 0.285005713E+01 0.308872747E+01 0.333266306E+01 0.358201313E+01 0.383634043E+01
 0.409519911E+01 0.435876036E+01 0.462654352E+01 0.489821339E+01 0.517396784E+01
 0.545329475E+01 0.573598671E+01 0.602226305E+01 0.631161499E+01 0.660392189E+01
 0.907641888E+00 0.816011846E+00 0.726403594E+00 0.638926566E+00 0.553914189E+00
 0.471202731E+00 0.390929639E+00 0.313414276E+00 0.238493070E+00 0.166368976E+00
 0.974832326E-01 0.322800577E-01-0.287133381E-01-0.851928890E-01-0.137236536E+00
-0.184247762E+00-0.225649372E+00-0.261462450E+00-0.290933400E+00-0.313750982E+00
-0.329968512E+00-0.338647217E+00-0.339652061E+00-0.333004028E+00-0.317624062E+00
-0.293703735E+00-0.261429399E+00-0.219643608E+00-0.168850943E+00-0.109123021E+00
-0.392491817E-01 0.399497449E-01 0.128442794E+00 0.227528036E+00 0.336041689E+00
 0.454077631E+00 0.582506597E+00 0.719826996E+00 0.865739167E+00 0.102044284E+01
 0.118296897E+01 0.135337901E+01 0.153190517E+01 0.171760678E+01 0.191061473E+01
 0.211089563E+01 0.231764483E+01 0.253100276E+01 0.275076413E+01 0.297623920E+01
 0.320760202E+01 0.344447231E+01 0.368634582E+01 0.393334723E+01 0.418506670E+01
 0.444107437E+01 0.470153379E+01 0.496598434E+01 0.523409843E+01 0.550606203E+01
 0.578140545E+01 0.605989838E+01 0.634175825E+01 0.662651443E+01 0.691402960E+01
 0.861536145E+00 0.775625825E+00 0.692160010E+00 0.611249089E+00 0.533303738E+00
 0.458092868E+00 0.385797918E+00 0.316782355E+00 0.250836492E+00 0.188203141E+00
 0.129214719E+00 0.738131851E-01 0.231117904E-01-0.224694759E-01-0.631656572E-01
-0.984139070E-01-0.127822846E+00-0.151443779E+00-0.168574303E+00-0.178925693E+00
-0.182598144E+00-0.178724408E+00-0.167229891E+00-0.148211986E+00-0.120687544E+00
-0.848586857E-01-0.408474356E-01 0.124178231E-01 0.744252205E-01 0.145105228E+00
 0.225609601E+00 0.315113336E+00 0.413568437E+00 0.522099197E+00 0.639310181E+00
 0.764948010E+00 0.899440885E+00 0.104178667E+01 0.119200492E+01 0.135056996E+01
 0.151649857E+01 0.168987262E+01 0.187090540E+01 0.205872989E+01 0.225343537E+01
 0.245501089E+01 0.266269779E+01 0.287662315E+01 0.309658694E+01 0.332195020E+01
 0.355284262E+01 0.378893042E+01 0.402971554E+01 0.427532721E+01 0.452533722E+01
 0.477937317E+01 0.503755283E+01 0.529944611E+01 0.556473541E+01 0.583359909E+01
 0.610557175E+01 0.638044453E+01 0.665838337E+01 0.693897629E+01 0.722208452E+01
 0.798607111E+00 0.718211174E+00 0.640665054E+00 0.566113710E+00 0.494991004E+00
 0.427051485E+00 0.362484068E+00 0.301682949E+00 0.244416237E+00 0.190907806E+00
 0.141516760E+00 0.960183144E-01 0.551967584E-01 0.199001022E-01-0.100846365E-01
-0.342475623E-01-0.522565469E-01-0.642568842E-01-0.695574209E-01-0.679312423E-01
-0.595300049E-01-0.435187668E-01-0.198877305E-01 0.112298429E-01 0.507751107E-01
 0.984853953E-01 0.154247582E+00 0.219093695E+00 0.292478472E+00 0.374282390E+00
 0.465432227E+00 0.565021694E+00 0.672669053E+00 0.789337575E+00 0.913706422E+00
 0.104584837E+01 0.118645334E+01 0.133449793E+01 0.149002647E+01 0.165347636E+01
 0.182390451E+01 0.200140476E+01 0.218613195E+01 0.237727976E+01 0.257493639E+01
 0.277907753E+01 0.298897743E+01 0.320474434E+01 0.342617989E+01 0.365267897E+01
 0.388435078E+01 0.412087488E+01 0.436176062E+01 0.460711336E+01 0.485654068E+01
 0.510965157E+01 0.536655998E+01 0.562685108E+01 0.589022255E+01 0.615678978E+01
 0.642614269E+01 0.669807625E+01 0.697272587E+01 0.724969816E+01 0.752886915E+01
 0.721079946E+00 0.645995021E+00 0.574192762E+00 0.505803943E+00 0.441320270E+00
 0.380467594E+00 0.323413134E+00 0.270627350E+00 0.221808732E+00 0.177231163E+00
 0.137259230E+00 0.101635508E+00 0.706984326E-01 0.452753827E-01 0.255688466E-01
 0.121033043E-01 0.514686853E-02 0.446569920E-02 0.107108727E-01 0.240626484E-01
 0.443237200E-01 0.722816214E-01 0.107914977E+00 0.151048273E+00 0.202568650E+00
 0.262176275E+00 0.329660892E+00 0.406041473E+00 0.490467101E+00 0.582748175E+00
 0.683528066E+00 0.791982830E+00 0.907983661E+00 0.103245115E+01 0.116434121E+01
 0.130364645E+01 0.145103621E+01 0.160550833E+01 0.176712227E+01 0.193626857E+01
 0.211205506E+01 0.229453850E+01 0.248389125E+01 0.267931032E+01 0.288087130E+01
 0.308854961E+01 0.330163455E+01 0.352023458E+01 0.374412966E+01 0.397274351E+01
 0.420615482E+01 0.444405746E+01 0.468597269E+01 0.493196487E+01 0.518166828E+01
 0.543468952E+01 0.569112253E+01 0.595055199E+01 0.621268749E+01 0.647762585E+01
 0.674495220E+01 0.701448536E+01 0.728631210E+01 0.756008244E+01 0.783566570E+01
 0.624016821E+00 0.554026544E+00 0.487726867E+00 0.425262094E+00 0.367187440E+00
 0.313157856E+00 0.263390541E+00 0.218358874E+00 0.177743018E+00 0.141810805E+00
 0.110970154E+00 0.848992318E-01 0.639556348E-01 0.484739840E-01 0.387691446E-01
 0.357129872E-01 0.395376645E-01 0.499216430E-01 0.675065890E-01 0.924036503E-01
 0.124371141E+00 0.164152086E+00 0.211650878E+00 0.266696185E+00 0.329912901E+00
 0.400962681E+00 0.479381502E+00 0.566109061E+00 0.660448968E+00 0.762196898E+00
 0.872211814E+00 0.989667296E+00 0.111442888E+01 0.124736500E+01 0.138744986E+01
 0.153468239E+01 0.168968081E+01 0.185148191E+01 0.202010822E+01 0.219595385E+01
 0.237811780E+01 0.256667447E+01 0.276174879E+01 0.296258330E+01 0.316921806E+01
 0.338161397E+01 0.359909368E+01 0.382172155E+01 0.404928684E+01 0.428121090E+01
 0.451756334E+01 0.475800991E+01 0.500208569E+01 0.524983597E+01 0.550087738E+01
 0.575484705E+01 0.601177788E+01 0.627126598E+01 0.653304005E+01 0.679713345E+01
 0.706316805E+01 0.733095598E+01 0.760054207E+01 0.787160397E+01 0.814402866E+01
 0.510129690E+00 0.445033818E+00 0.384044886E+00 0.327306509E+00 0.275450379E+00
 0.228069544E+00 0.185386702E+00 0.147929505E+00 0.115316257E+00 0.878390223E-01
 0.659307316E-01 0.492285155E-01 0.380799994E-01 0.328051485E-01 0.332074836E-01
 0.404801667E-01 0.549408495E-01 0.762739927E-01 0.105109274E+00 0.141442373E+00
 0.185019076E+00 0.236514136E+00 0.295384854E+00 0.361534685E+00 0.435565978E+00
 0.517094612E+00 0.605886102E+00 0.702723265E+00 0.807012677E+00 0.918553770E+00
 0.103817928E+01 0.116505873E+01 0.129904819E+01 0.144097459E+01 0.158983779E+01
 0.174561036E+01 0.190888333E+01 0.207872128E+01 0.225512481E+01 0.243845010E+01
 0.262782812E+01 0.282331944E+01 0.302501345E+01 0.323216629E+01 0.344481373E+01
 0.366289210E+01 0.388573265E+01 0.411336088E+01 0.434556580E+01 0.458178329E+01
 0.482202053E+01 0.506596231E+01 0.531314850E+01 0.556355762E+01 0.581682205E+01
 0.607257462E+01 0.633080578E+01 0.659109688E+01 0.685323048E+01 0.711711121E+01
 0.738245153E+01 0.764902544E+01 0.791682625E+01 0.818558121E+01 0.845517826E+01
 0.373635709E+00 0.313187540E+00 0.257260710E+00 0.206035703E+00 0.160162210E+00
 0.119197622E+00 0.833860338E-01 0.532677099E-01 0.284449309E-01 0.920195505E-02
-0.399364531E-02-0.115355477E-01-0.130273234E-01-0.809569564E-02 0.293530757E-02
 0.206736587E-01 0.457157418E-01 0.778163746E-01 0.117628954E+00 0.164904296E+00
 0.219226614E+00 0.281278253E+00 0.350808740E+00 0.427526236E+00 0.512127697E+00
 0.604208589E+00 0.703506589E+00 0.810785413E+00 0.925420523E+00 0.104721415E+01
 0.117696357E+01 0.131383622E+01 0.145767546E+01 0.160928977E+01 0.176767063E+01
 0.193279350E+01 0.210520434E+01 0.228398180E+01 0.246912742E+01 0.266094303E+01
 0.285860348E+01 0.306211615E+01 0.327157116E+01 0.348622274E+01 0.370608568E+01
 0.393106151E+01 0.416050243E+01 0.439439678E+01 0.463249826E+01 0.487426472E+01
 0.511966181E+01 0.536832952E+01 0.561982536E+01 0.587407732E+01 0.613070917E+01
 0.638935280E+01 0.664991522E+01 0.691201830E+01 0.717539644E+01 0.743993378E+01
 0.770531940E+01 0.797137737E+01 0.823797607E+01 0.850491714E+01 0.877208900E+01
 0.217443138E+00 0.161442816E+00 0.110390462E+00 0.644946620E-01 0.244206041E-01
-0.102918595E-01-0.394199267E-01-0.623448566E-01-0.795667991E-01-0.907376036E-01
-0.954091698E-01-0.939903259E-01-0.860949755E-01-0.713194907E-01-0.500433147E-01
-0.217222646E-01 0.139303952E-01 0.565517321E-01 0.106760494E+00 0.164519802E+00
 0.229432270E+00 0.302133381E+00 0.382385969E+00 0.469861716E+00 0.565251231E+00
 0.668128967E+00 0.778225124E+00 0.896257102E+00 0.102160895E+01 0.115405703E+01
 0.129439354E+01 0.144176579E+01 0.159599590E+01 0.175789320E+01 0.192642617E+01
 0.210157037E+01 0.228385544E+01 0.247234392E+01 0.266703176E+01 0.286819601E+01
 0.307502317E+01 0.328748417E+01 0.350565672E+01 0.372878838E+01 0.395688057E+01
 0.418978834E+01 0.442688274E+01 0.466810799E+01 0.491319370E+01 0.516158104E+01
 0.541318607E+01 0.566766071E+01 0.592451143E+01 0.618365002E+01 0.644462872E+01
 0.670710325E+01 0.697091293E+01 0.723565435E+01 0.750109339E+01 0.776699638E+01
 0.803309155E+01 0.829919147E+01 0.856507969E+01 0.883063126E+01 0.909569550E+01
 0.350806713E-01-0.167230964E-01-0.631170869E-01-0.103904635E+00-0.138359100E+00
-0.167010859E+00-0.189612255E+00-0.205537438E+00-0.215310141E+00-0.218611181E+00
-0.214936942E+00-0.204790324E+00-0.187740237E+00-0.163453102E+00-0.132342964E+00
-0.939105675E-01-0.479596183E-01 0.511626061E-02 0.658810437E-01 0.134312645E+00
 0.210009202E+00 0.293606788E+00 0.384839952E+00 0.483371794E+00 0.589900494E+00
 0.703952849E+00 0.825247049E+00 0.954517603E+00 0.109110475E+01 0.123479056E+01
 0.138631380E+01 0.154484797E+01 0.171020532E+01 0.188316262E+01 0.206268573E+01
 0.224874210E+01 0.244182801E+01 0.264102507E+01 0.284630275E+01 0.305792427E+01
 0.327505422E+01 0.349766898E+01 0.372580433E+01 0.395871496E+01 0.419636345E+01
 0.443857288E+01 0.468470716E+01 0.493468666E+01 0.518817806E+01 0.544462872E+01
 0.570391273E+01 0.596559620E+01 0.622923565E+01 0.649461079E+01 0.676129246E+01
 0.702890205E+01 0.729717398E+01 0.756573582E+01 0.783428574E+01 0.810253620E+01
 0.837021446E+01 0.863712025E+01 0.890294743E+01 0.916760063E+01 0.943097305E+01
-0.170017421E+00-0.217789680E+00-0.259688854E+00-0.295516849E+00-0.324481040E+00
-0.347176731E+00-0.363363177E+00-0.372368664E+00-0.374785602E+00-0.370283365E+00
-0.358357698E+00-0.339560181E+00-0.313471645E+00-0.279751629E+00-0.238919199E+00
-0.190457821E+00-0.134217829E+00-0.706628412E-01 0.776208006E-03 0.800546110E-01
 0.166734174E+00 0.261465877E+00 0.363952637E+00 0.473849773E+00 0.591832817E+00
 0.717430949E+00 0.850333333E+00 0.991260648E+00 0.113955176E+01 0.129496610E+01
 0.145823205E+01 0.162851894E+01 0.180561805E+01 0.199030197E+01 0.218152928E+01
 0.237924099E+01 0.258394575E+01 0.279469538E+01 0.301145983E+01 0.323446941E+01
 0.346289396E+01 0.369668674E+01 0.393585777E+01 0.417965937E+01 0.442800331E+01
 0.468071604E+01 0.493712473E+01 0.519708920E+01 0.546027470E+01 0.572607803E+01
 0.599431849E+01 0.626453209E+01 0.653622627E+01 0.680911446E+01 0.708271599E+01
 0.735664606E+01 0.763051414E+01 0.790392780E+01 0.817659283E+01 0.844805717E+01
 0.871809483E+01 0.898649883E+01 0.925281715E+01 0.951702309E+01 0.977902794E+01
 0.394810319E+01 0.375054359E+01 0.356419873E+01 0.339440632E+01 0.323944640E+01
 0.310133338E+01 0.298196483E+01 0.287879729E+01 0.278958392E+01 0.271272516E+01
 0.264644408E+01 0.258933210E+01 0.254052067E+01 0.249912739E+01 0.246430969E+01
 0.243537664E+01 0.241179919E+01 0.239313602E+01 0.237886548E+01 0.236849999E+01
 0.236163712E+01 0.235798812E+01 0.235729146E+01 0.235925317E+01 0.236380911E+01
 0.237102103E+01 0.238073540E+01 0.239296436E+01 0.240797567E+01 0.242580247E+01
 0.244644451E+01 0.247006536E+01 0.249665284E+01 0.252607656E+01 0.255833340E+01
 0.259329295E+01 0.263065362E+01 0.267038584E+01 0.271246481E+01 0.275661230E+01
 0.280283833E+01 0.285136342E+01 0.290225959E+01 0.295569324E+01 0.301202536E+01
 0.307175970E+01 0.313543534E+01 0.320354915E+01 0.327676868E+01 0.335589218E+01
 0.344169378E+01 0.353499961E+01 0.363675070E+01 0.374818039E+01 0.387045765E+01
 0.400446987E+01 0.415325880E+01 0.431975508E+01 0.450020313E+01 0.470996332E+01
 0.497781372E+01 0.523347950E+01 0.555596638E+01 0.642009735E+01 0.777863741E+01
